122 201 99385 1 1
122 202 99385 1 1
85 8 125828 1 1
121 203 139103 1 1
88 32 147090 1 0
111 156 148428 1 0
107 134 148428 1 0
110 150 148428 1 0
106 129 149802 1 0
90 43 149802 1 0
90 42 149802 1 0
108 140 149802 1 0
105 123 152660 1 0
104 118 152660 1 0
96 75 152660 1 0
91 48 152660 1 0
84 10 152660 1 0
113 166 154148 1 0
112 161 154148 1 0
92 53 155678 1 0
90 41 155678 1 0
103 113 155678 1 0
109 145 155678 1 0
121 201 155957 -1 0
89 37 157251 1 0
102 107 157251 1 0
106 128 157251 1 0
108 139 157251 1 0
85 16 157251 1 0
98 86 158869 1 0
86 21 158869 1 0
90 40 158869 1 0
99 91 158869 1 0
108 138 158869 1 0
97 80 158869 1 0
112 160 160535 1 0
110 149 160535 1 0
104 117 160535 1 0
111 155 162250 1 0
119 199 162250 1 0
114 172 162250 1 0
112 159 162250 1 0
106 127 162250 1 0
95 69 162250 1 0
93 59 162250 1 0
100 96 162250 1 0
108 137 162250 1 0
91 47 162250 1 0
107 133 162250 1 0
121 200 162929 -1 0
131 179 163693 -1 0
106 126 164017 1 0
104 116 164017 1 0
110 148 164017 1 0
105 122 164017 1 0
118 193 164017 1 0
91 46 164017 1 0
94 64 164017 1 0
109 144 165838 1 0
87 26 165838 1 0
113 165 165838 1 0
89 36 165838 1 0
119 198 165838 1 0
108 136 167715 1 0
107 132 167715 1 0
88 31 167715 1 0
96 74 167715 1 0
105 121 167715 1 0
115 177 167715 1 0
106 125 167715 1 0
111 154 167715 1 0
114 169 167715 1 0
117 188 167715 1 0
109 143 167715 1 0
101 102 167715 1 0
114 171 169652 1 0
116 183 169652 1 0
114 170 169652 1 0
119 197 169652 1 0
107 131 171652 1 0
110 147 171652 1 0
112 158 171652 1 0
92 52 171652 1 0
103 112 171652 1 0
105 120 171652 1 0
92 51 171652 1 0
111 153 171652 1 0
98 85 173718 1 0
91 45 173718 1 0
90 39 173718 1 0
84 9 173718 1 0
98 84 173718 1 0
111 152 173718 1 0
89 35 173718 1 0
109 142 173718 1 0
113 164 173718 1 0
96 73 173718 1 0
115 176 175852 1 0
88 29 175852 1 0
120 201 175852 1 0
114 168 175852 1 0
119 196 175852 1 0
119 195 175852 1 0
103 111 175852 1 0
88 30 175852 1 0
84 8 175852 1 0
118 192 175852 1 0
87 25 178059 1 0
104 115 178059 1 0
98 83 178059 1 0
113 163 178059 1 0
126 190 180340 -1 0
87 24 180342 1 0
86 20 180342 1 0
89 34 180342 1 0
87 23 180342 1 0
97 79 180342 1 0
115 175 180342 1 0
92 50 180342 1 0
102 106 180342 1 0
102 105 180342 1 0
130 181 181709 -1 0
115 174 182706 1 0
97 78 182706 1 0
103 110 182706 1 0
93 56 182706 1 0
96 72 182706 1 0
117 185 182706 1 0
125 192 183106 -1 0
93 58 185156 1 0
86 19 185156 1 0
93 57 185156 1 0
94 62 185156 1 0
97 77 185156 1 0
94 63 185156 1 0
98 82 187695 1 0
116 181 187695 1 0
85 13 187695 1 0
88 28 187695 1 0
116 180 187695 1 0
101 100 187695 1 0
116 182 187695 1 0
85 14 187695 1 0
91 44 190329 1 0
100 94 190329 1 0
116 179 190329 1 0
118 191 190329 1 0
95 67 190329 1 0
118 190 190329 1 0
85 15 190329 1 0
95 68 190329 1 0
93 55 190329 1 0
102 104 190329 1 0
103 109 190329 1 0
99 90 190329 1 0
99 89 193063 1 0
106 124 193063 1 0
94 61 193063 1 0
99 88 193063 1 0
117 187 193063 1 0
101 99 193063 1 0
111 151 193063 1 0
86 18 193063 1 0
109 141 193063 1 0
96 71 195904 1 0
101 101 195904 1 0
108 135 195904 1 0
117 186 195904 1 0
105 119 195904 1 0
132 177 196188 -1 0
112 157 198858 1 0
92 49 198858 1 0
110 146 198858 1 0
85 12 198858 1 0
102 103 198858 1 0
120 200 198858 1 0
107 130 198858 1 0
101 98 198858 1 0
100 95 198858 1 0
113 162 201932 1 0
90 38 201932 1 0
95 66 201932 1 0
100 93 201932 1 0
98 81 201932 1 0
127 188 202418 -1 0
104 114 205134 1 0
114 167 205134 1 0
93 54 205134 1 0
99 87 205134 1 0
103 108 208472 1 0
120 202 208472 1 0
123 197 211134 -1 0
100 92 211954 1 0
96 70 211954 1 0
85 11 211954 1 0
89 33 211954 1 0
129 183 212287 -1 0
124 195 212666 -1 0
88 27 215592 1 0
135 170 215727 -1 0
94 60 219395 1 0
101 97 219395 1 0
95 65 219395 1 0
115 173 223375 1 0
87 22 223375 1 0
133 175 228120 -1 0
97 76 231920 1 0
134 172 235805 -1 0
86 17 236515 1 0
128 186 242217 -1 0
136 168 246386 -1 0
117 184 246436 1 0
119 194 251803 1 0
116 178 251803 1 0
120 203 259567 1 1
151 134 262563 -1 0
122 199 264747 -1 0
152 132 268826 -1 0
137 166 268948 -1 0
121 202 270951 -1 0
153 130 285064 -1 0
138 163 289362 -1 0
150 136 289911 -1 0
118 189 291389 1 0
88 32 294180 1 0
139 161 294844 -1 0
110 150 296856 1 0
111 156 296856 1 0
107 134 296856 1 0
118 201 298156 1 1
82 6 298156 1 1
143 152 298688 -1 0
108 140 299603 1 0
90 43 299603 1 0
106 129 299603 1 0
90 42 299603 1 0
90 37 301633 -1 0
134 171 301633 -1 0
183 62 301633 -1 0
154 127 301633 -1 0
183 61 301633 -1 0
105 123 305321 1 0
96 75 305321 1 0
104 118 305321 1 0
91 48 305321 1 0
84 10 305321 1 0
173 85 308292 -1 0
113 166 308297 1 0
112 161 308297 1 0
92 53 311356 1 0
109 145 311356 1 0
103 113 311356 1 0
90 41 311356 1 0
121 201 311915 -1 0
89 37 314503 1 0
102 107 314503 1 0
106 128 314503 1 0
85 16 314503 1 0
108 139 314503 1 0
142 154 316336 -1 0
97 80 317739 1 0
108 138 317739 1 0
98 86 317739 1 0
99 91 317739 1 0
90 40 317739 1 0
86 21 317739 1 0
112 160 321070 1 0
104 117 321070 1 0
110 149 321070 1 0
118 188 322377 -1 0
117 183 322377 -1 0
87 21 322377 -1 0
92 48 322377 -1 0
166 100 322377 -1 0
162 109 322377 -1 0
119 193 322377 -1 0
116 177 322377 -1 0
111 155 324500 1 0
119 199 324500 1 0
106 127 324500 1 0
100 96 324500 1 0
108 137 324500 1 0
107 133 324500 1 0
91 47 324500 1 0
93 59 324500 1 0
114 172 324500 1 0
112 159 324500 1 0
95 69 324500 1 0
121 200 325859 -1 0
131 179 327387 -1 0
105 122 328034 1 0
106 126 328034 1 0
110 148 328034 1 0
91 46 328034 1 0
94 64 328034 1 0
104 116 328034 1 0
118 193 328034 1 0
183 62 329264 1 1
140 159 331503 -1 0
109 144 331675 1 0
87 26 331675 1 0
89 36 331675 1 0
119 198 331675 1 0
113 165 331675 1 0
164 105 333227 -1 0
154 128 334414 -1 0
117 188 335431 1 0
111 154 335431 1 0
96 74 335431 1 0
115 177 335431 1 0
114 169 335431 1 0
108 136 335431 1 0
109 143 335431 1 0
106 125 335431 1 0
107 132 335431 1 0
105 121 335431 1 0
88 31 335431 1 0
101 102 335431 1 0
144 150 337826 -1 0
146 145 337826 -1 0
155 125 338428 -1 0
114 171 339305 1 0
116 183 339305 1 0
114 170 339305 1 0
119 197 339305 1 0
141 157 340469 -1 0
110 147 343305 1 0
103 112 343305 1 0
105 120 343305 1 0
92 51 343305 1 0
107 131 343305 1 0
112 158 343305 1 0
111 153 343305 1 0
92 52 343305 1 0
123 196 345523 -1 0
124 194 345523 -1 0
89 32 345523 -1 0
91 43 345523 -1 0
179 71 345523 -1 0
158 118 345523 -1 0
108 134 345523 -1 0
147 143 346895 -1 0
156 123 347068 -1 0
172 87 347224 -1 0
113 164 347435 1 0
91 45 347435 1 0
111 152 347435 1 0
109 142 347435 1 0
84 9 347435 1 0
98 84 347435 1 0
98 85 347435 1 0
90 39 347435 1 0
89 35 347435 1 0
96 73 347435 1 0
88 30 351704 1 0
119 195 351704 1 0
118 192 351704 1 0
120 201 351704 1 0
114 168 351704 1 0
115 176 351704 1 0
119 196 351704 1 0
88 29 351704 1 0
84 8 351704 1 0
103 111 351704 1 0
87 25 356118 1 0
113 163 356118 1 0
104 115 356118 1 0
98 83 356118 1 0
149 139 356272 -1 0
126 190 360680 -1 0
89 34 360685 1 0
87 23 360685 1 0
87 24 360685 1 0
102 105 360685 1 0
115 175 360685 1 0
92 50 360685 1 0
86 20 360685 1 0
102 106 360685 1 0
97 79 360685 1 0
130 181 363418 -1 0
145 148 364746 -1 0
103 110 365413 1 0
96 72 365413 1 0
97 78 365413 1 0
93 56 365413 1 0
115 174 365413 1 0
117 185 365413 1 0
125 192 366213 -1 0
148 141 369254 -1 0
97 77 370312 1 0
93 57 370312 1 0
86 19 370312 1 0
94 62 370312 1 0
94 63 370312 1 0
93 58 370312 1 0
176 78 371506 -1 0
122 198 371521 -1 0
137 165 371521 -1 0
132 176 371521 -1 0
118 187 371521 -1 0
110 145 371521 -1 0
113 161 371521 -1 0
115 172 371521 -1 0
86 16 371521 -1 0
94 59 371521 -1 0
99 16 371521 -1 0
86 15 371521 -1 0
107 129 371521 -1 0
98 82 375389 1 0
88 28 375389 1 0
85 13 375389 1 0
85 14 375389 1 0
116 182 375389 1 0
101 100 375389 1 0
116 180 375389 1 0
116 181 375389 1 0
163 107 378991 -1 0
102 104 380657 1 0
118 191 380657 1 0
85 15 380657 1 0
95 68 380657 1 0
93 55 380657 1 0
95 67 380657 1 0
91 44 380657 1 0
100 94 380657 1 0
103 109 380657 1 0
116 179 380657 1 0
99 90 380657 1 0
118 190 380657 1 0
165 103 381129 -1 0
174 83 384121 -1 0
106 124 386126 1 0
109 141 386126 1 0
99 88 386126 1 0
101 99 386126 1 0
86 18 386126 1 0
99 89 386126 1 0
111 151 386126 1 0
117 187 386126 1 0
94 61 386126 1 0
157 121 388103 -1 0
85 8 390999 -1 0
105 119 391809 1 0
108 135 391809 1 0
117 186 391809 1 0
101 101 391809 1 0
96 71 391809 1 0
181 67 391814 -1 0
132 177 392377 -1 0
82 6 397542 1 1
110 146 397717 1 0
85 12 397717 1 0
107 130 397717 1 0
101 98 397717 1 0
112 157 397717 1 0
120 200 397717 1 0
92 49 397717 1 0
102 103 397717 1 0
100 95 397717 1 0
168 96 399161 -1 0
152 131 400945 -1 0
182 64 400945 -1 0
119 192 400945 -1 0
133 174 400945 -1 0
111 150 400945 -1 0
164 104 400945 -1 0
112 156 400945 -1 0
109 140 400945 -1 0
105 118 400945 -1 0
135 169 400945 -1 0
93 53 400945 -1 0
106 123 400945 -1 0
114 166 400945 -1 0
90 38 403865 1 0
95 66 403865 1 0
113 162 403865 1 0
98 81 403865 1 0
100 93 403865 1 0
127 188 404836 -1 0
161 112 409329 -1 0
160 114 409329 -1 0
177 76 410213 -1 0
99 87 410268 1 0
114 167 410268 1 0
104 114 410268 1 0
93 54 410268 1 0
120 202 416944 1 0
103 108 416944 1 0
180 69 418776 -1 0
175 81 418776 -1 0
123 197 422268 -1 0
96 70 423909 1 0
85 11 423909 1 0
89 33 423909 1 0
100 92 423909 1 0
129 183 424575 -1 0
124 195 425332 -1 0
88 27 431184 1 0
135 170 431455 -1 0
169 94 434513 -1 0
120 198 434530 -1 0
120 199 434530 -1 0
102 101 434530 -1 0
100 91 434530 -1 0
138 162 434530 -1 0
150 135 434530 -1 0
87 20 434530 -1 0
107 128 434530 -1 0
141 156 434530 -1 0
142 153 434530 -1 0
88 26 434530 -1 0
160 113 434530 -1 0
101 97 438790 1 0
95 65 438790 1 0
94 60 438790 1 0
88 32 441270 1 0
110 150 445285 1 0
107 134 445285 1 0
111 156 445285 1 0
115 173 446750 1 0
87 22 446750 1 0
171 89 449033 -1 0
162 110 449317 -1 0
108 140 449405 1 0
90 42 449405 1 0
106 129 449405 1 0
90 43 449405 1 0
125 193 450927 -1 0
166 101 451784 -1 0
158 119 452130 -1 0
182 65 453871 -1 0
133 175 456241 -1 0
179 72 456290 -1 0
96 75 457981 1 0
84 10 457981 1 0
104 118 457981 1 0
105 123 457981 1 0
91 48 457981 1 0
167 98 462192 -1 0
112 161 462446 1 0
113 166 462446 1 0
97 76 463841 1 0
129 184 465267 -1 0
103 113 467035 1 0
92 53 467035 1 0
90 41 467035 1 0
109 145 467035 1 0
121 201 467873 -1 0
134 172 471610 -1 0
89 37 471754 1 0
102 107 471754 1 0
108 139 471754 1 0
106 128 471754 1 0
85 16 471754 1 0
86 17 473031 1 0
153 129 473237 -1 0
156 122 473237 -1 0
163 106 473237 -1 0
172 86 473237 -1 0
99 86 473237 -1 0
112 155 473237 -1 0
103 107 473237 -1 0
102 102 473237 -1 0
146 144 473237 -1 0
109 139 473237 -1 0
116 176 473237 -1 0
140 158 473237 -1 0
103 106 473237 -1 0
113 160 473237 -1 0
120 197 473237 -1 0
98 80 473237 -1 0
94 58 473237 -1 0
86 14 473237 -1 0
91 42 473237 -1 0
85 10 473237 -1 0
105 117 473237 -1 0
128 185 473237 -1 0
173 84 473237 -1 0
97 75 473237 -1 0
92 47 473237 -1 0
96 69 473237 -1 0
180 68 473237 -1 0
111 149 473237 -1 0
93 52 473237 -1 0
104 113 473237 -1 0
126 189 473237 -1 0
151 133 473237 -1 0
145 147 473237 -1 0
117 182 473237 -1 0
136 167 473237 -1 0
118 186 473237 -1 0
125 194 474539 -1 0
86 21 476609 1 0
98 86 476609 1 0
108 138 476609 1 0
90 40 476609 1 0
97 80 476609 1 0
99 91 476609 1 0
178 74 477281 -1 0
110 149 481606 1 0
112 160 481606 1 0
104 117 481606 1 0
128 186 484434 -1 0
183 63 485849 -1 0
107 133 486751 1 0
93 59 486751 1 0
100 96 486751 1 0
106 127 486751 1 0
108 137 486751 1 0
95 69 486751 1 0
119 199 486751 1 0
91 47 486751 1 0
112 159 486751 1 0
114 172 486751 1 0
111 155 486751 1 0
121 203 486862 1 1
121 200 488788 -1 0
159 116 490707 -1 0
131 179 491080 -1 0
118 193 492051 1 0
106 126 492051 1 0
104 116 492051 1 0
91 46 492051 1 0
94 64 492051 1 0
105 122 492051 1 0
110 148 492051 1 0
136 168 492773 -1 0
117 184 492873 1 0
83 6 496927 1 1
113 165 497513 1 0
119 198 497513 1 0
109 144 497513 1 0
89 36 497513 1 0
87 26 497513 1 0
170 92 501401 -1 0
88 31 503147 1 0
101 102 503147 1 0
105 121 503147 1 0
96 74 503147 1 0
107 132 503147 1 0
106 125 503147 1 0
111 154 503147 1 0
117 188 503147 1 0
114 169 503147 1 0
115 177 503147 1 0
109 143 503147 1 0
108 136 503147 1 0
119 194 503606 1 0
116 178 503606 1 0
114 171 508958 1 0
114 170 508958 1 0
119 197 508958 1 0
116 183 508958 1 0
111 153 514957 1 0
110 147 514957 1 0
105 120 514957 1 0
103 112 514957 1 0
112 158 514957 1 0
92 52 514957 1 0
92 51 514957 1 0
107 131 514957 1 0
110 144 518350 -1 0
86 12 518350 -1 0
139 160 518350 -1 0
95 64 518350 -1 0
175 80 518350 -1 0
104 112 518350 -1 0
99 85 518350 -1 0
165 102 518350 -1 0
88 25 518350 -1 0
86 13 518350 -1 0
100 90 518350 -1 0
181 66 518350 -1 0
157 120 518350 -1 0
155 124 518350 -1 0
106 122 518350 -1 0
101 95 518350 -1 0
108 133 518350 -1 0
123 198 519378 -1 0
91 45 521153 1 0
84 9 521153 1 0
89 35 521153 1 0
90 39 521153 1 0
96 73 521153 1 0
113 164 521153 1 0
111 152 521153 1 0
98 84 521153 1 0
109 142 521153 1 0
98 85 521153 1 0
184 62 524119 1 1
151 134 525127 -1 0
118 192 527557 1 0
119 196 527557 1 0
88 30 527557 1 0
88 29 527557 1 0
103 111 527557 1 0
84 8 527557 1 0
115 176 527557 1 0
120 201 527557 1 0
119 195 527557 1 0
114 168 527557 1 0
122 199 529494 -1 0
122 200 531213 -1 0
98 83 534178 1 0
113 163 534178 1 0
104 115 534178 1 0
87 25 534178 1 0
152 132 537653 -1 0
137 166 537896 -1 0
126 190 541021 -1 0
87 24 541028 1 0
87 23 541028 1 0
89 34 541028 1 0
86 20 541028 1 0
92 50 541028 1 0
115 175 541028 1 0
102 106 541028 1 0
102 105 541028 1 0
97 79 541028 1 0
121 202 541902 -1 0
130 181 545127 -1 0
97 78 548120 1 0
103 110 548120 1 0
115 174 548120 1 0
117 185 548120 1 0
96 72 548120 1 0
93 56 548120 1 0
125 192 549319 -1 0
94 62 555468 1 0
93 57 555468 1 0
86 19 555468 1 0
94 63 555468 1 0
93 58 555468 1 0
97 77 555468 1 0
85 13 563085 1 0
88 28 563085 1 0
116 181 563085 1 0
116 182 563085 1 0
116 180 563085 1 0
101 100 563085 1 0
98 82 563085 1 0
85 14 563085 1 0
153 130 570128 -1 0
103 109 570986 1 0
116 179 570986 1 0
100 94 570986 1 0
85 15 570986 1 0
118 190 570986 1 0
93 55 570986 1 0
118 191 570986 1 0
95 68 570986 1 0
91 44 570986 1 0
99 90 570986 1 0
102 104 570986 1 0
95 67 570986 1 0
182 63 571616 -1 0
119 191 571616 -1 0
118 185 571616 -1 0
131 178 571616 -1 0
117 181 571616 -1 0
170 91 571616 -1 0
115 171 571616 -1 0
158 117 571616 -1 0
149 138 571616 -1 0
114 165 571616 -1 0
124 193 571616 -1 0
168 95 571616 -1 0
120 196 571616 -1 0
144 149 571616 -1 0
96 68 571616 -1 0
161 111 571616 -1 0
98 79 571616 -1 0
97 74 571616 -1 0
89 31 571616 -1 0
95 63 571616 -1 0
138 163 578724 -1 0
117 187 579190 1 0
94 61 579190 1 0
101 99 579190 1 0
106 124 579190 1 0
86 18 579190 1 0
99 89 579190 1 0
111 151 579190 1 0
109 141 579190 1 0
99 88 579190 1 0
150 136 579822 -1 0
129 185 580537 -1 0
118 189 582778 1 0
101 101 587713 1 0
96 71 587713 1 0
117 186 587713 1 0
108 135 587713 1 0
105 119 587713 1 0
88 32 588360 1 0
132 177 588566 -1 0
139 161 589688 -1 0
107 134 593713 1 0
111 156 593713 1 0
110 150 593713 1 0
112 157 596575 1 0
85 12 596575 1 0
101 98 596575 1 0
100 95 596575 1 0
107 130 596575 1 0
102 103 596575 1 0
120 200 596575 1 0
110 146 596575 1 0
92 49 596575 1 0
143 152 597377 -1 0
90 43 599207 1 0
106 129 599207 1 0
108 140 599207 1 0
90 42 599207 1 0
183 62 603266 -1 0
183 61 603266 -1 0
90 37 603266 -1 0
154 127 603266 -1 0
134 171 603266 -1 0
100 93 605798 1 0
98 81 605798 1 0
95 66 605798 1 0
113 162 605798 1 0
90 38 605798 1 0
127 188 607255 -1 0
91 48 610642 1 0
96 75 610642 1 0
105 123 610642 1 0
104 118 610642 1 0
84 10 610642 1 0
114 167 615403 1 0
104 114 615403 1 0
93 54 615403 1 0
99 87 615403 1 0
173 85 616584 -1 0
113 166 616595 1 0
112 161 616595 1 0
184 61 622410 1 1
90 41 622713 1 0
103 113 622713 1 0
92 53 622713 1 0
109 145 622713 1 0
121 201 623831 -1 0
120 202 625431 1 0
103 108 625452 1 0
124 196 626230 -1 0
85 9 629470 -1 0
142 154 631244 -1 0
87 9 631492 -1 0
89 37 632198 1 0
85 16 632853 1 0
108 139 632959 1 0
123 197 633036 -1 0
134 173 633382 -1 0
178 73 633413 -1 0
106 128 633419 1 0
102 107 634093 1 0
89 33 636307 1 0
100 92 636905 1 0
96 70 637035 1 0
124 195 637154 -1 0
129 183 638844 -1 0
85 11 639738 1 0
174 82 639756 -1 0
90 40 642892 1 0
148 140 642922 -1 0
147 142 642922 -1 0
126 191 644204 -1 0
86 21 644937 1 0
108 138 645472 1 0
97 80 646975 1 0
98 86 647308 1 0
119 190 647670 -1 0
143 151 647670 -1 0
99 91 648770 1 0
88 27 649337 1 0
162 109 650085 -1 0
154 128 656042 -1 0
112 160 656649 1 0
140 159 657250 -1 0
110 149 657481 1 0
104 117 658835 1 0
101 97 658874 1 0
135 170 659857 -1 0
95 65 660355 1 0
146 145 660471 -1 0
144 150 660471 -1 0
94 60 661160 1 0
164 105 663682 -1 0
91 47 666464 1 0
155 125 667663 -1 0
111 155 668007 1 0
114 172 669697 1 0
112 159 670297 1 0
108 137 670297 1 0
106 127 670297 1 0
141 157 670874 -1 0
107 133 670917 1 0
90 36 671395 -1 0
119 199 671558 1 0
172 87 671882 -1 0
93 59 672905 1 0
95 69 673615 1 0
100 96 674350 1 0
87 22 674633 1 0
134 174 674766 -1 0
184 62 674905 -1 0
147 143 675198 -1 0
156 123 676287 -1 0
115 173 676514 1 0
91 46 676526 1 0
106 126 681109 1 0
118 193 681848 1 0
104 116 682610 1 0
110 148 682610 1 0
105 122 683397 1 0
131 179 685189 -1 0
94 64 685922 1 0
89 36 687487 1 0
133 175 687570 -1 0
87 26 688958 1 0
97 76 689132 1 0
113 165 691331 1 0
109 144 693038 1 0
130 182 693153 -1 0
163 108 693579 -1 0
166 100 693874 -1 0
127 189 696819 -1 0
149 139 696859 -1 0
106 125 697564 1 0
108 136 697564 1 0
119 198 698865 1 0
88 31 699241 1 0
176 78 699561 -1 0
114 169 702899 1 0
111 154 703884 1 0
115 177 703884 1 0
145 148 705902 -1 0
109 143 705948 1 0
107 132 705948 1 0
105 121 705948 1 0
117 188 707031 1 0
167 99 707275 -1 0
86 17 707768 1 0
96 74 708149 1 0
128 186 708893 -1 0
148 141 709057 -1 0
114 170 711213 1 0
114 171 712245 1 0
101 102 713015 1 0
174 83 713274 -1 0
134 172 713569 -1 0
112 158 714969 1 0
90 39 715043 1 0
105 120 715927 1 0
91 45 717535 1 0
107 131 717919 1 0
110 147 717919 1 0
157 121 718298 -1 0
166 99 718833 -1 0
119 197 719139 1 0
125 193 719642 -1 0
128 187 719775 -1 0
159 117 719993 -1 0
116 183 720420 1 0
159 115 721136 -1 0
92 51 722251 1 0
111 152 723090 1 0
92 52 723413 1 0
184 64 724385 1 1
111 153 724611 1 0
89 35 726200 1 0
131 180 726238 -1 0
109 142 728414 1 0
84 9 729567 1 0
165 103 732515 -1 0
84 8 734110 1 0
114 168 734110 1 0
103 112 734112 1 0
120 201 735249 1 0
119 195 735249 1 0
113 164 735850 1 0
121 202 738348 -1 0
87 18 738517 -1 0
98 85 738633 1 0
98 84 738633 1 0
88 30 738852 1 0
85 8 738993 -1 0
177 76 739237 -1 0
163 107 739655 -1 0
181 67 739725 -1 0
88 29 741423 1 0
113 163 742857 1 0
96 73 743147 1 0
168 96 743393 -1 0
125 194 743415 -1 0
151 134 743560 -1 0
179 71 745790 -1 0
129 184 745798 -1 0
161 112 747424 -1 0
89 34 747748 1 0
104 115 747889 1 0
92 50 748931 1 0
123 198 749357 -1 0
87 25 750614 1 0
115 176 751687 1 0
118 192 751687 1 0
132 178 751874 -1 0
171 90 752835 -1 0
119 196 753340 1 0
142 155 754850 -1 0
87 23 755310 1 0
175 81 755470 -1 0
126 190 755756 -1 0
122 199 755901 -1 0
136 168 756374 -1 0
103 111 756808 1 0
152 132 757132 -1 0
122 200 758519 -1 0
160 114 758852 -1 0
155 126 760353 -1 0
86 20 761049 1 0
125 192 761064 -1 0
98 83 761470 1 0
87 24 762584 1 0
155 46 762838 -1 0
87 19 762838 -1 0
180 69 764003 -1 0
117 184 764327 1 0
115 174 766738 1 0
116 178 767301 1 0
158 118 768039 -1 0
115 175 769184 1 0
117 185 769820 1 0
97 79 770959 1 0
124 196 772643 -1 0
102 106 772789 1 0
159 118 774036 -1 0
167 100 774757 -1 0
162 110 775879 -1 0
163 109 777416 -1 0
133 176 777630 -1 0
138 164 777708 -1 0
88 28 778675 1 0
180 70 779268 -1 0
93 56 780166 1 0
182 66 780605 -1 0
86 19 781741 1 0
176 77 782207 -1 0
102 105 782854 1 0
169 94 783138 -1 0
96 72 784040 1 0
183 64 784418 -1 0
116 179 786512 1 0
142 156 787012 -1 0
91 44 788081 1 0
103 110 788159 1 0
97 78 788159 1 0
158 119 788827 -1 0
97 77 789105 1 0
180 71 789603 -1 0
138 165 790241 -1 0
137 166 790455 -1 0
93 57 791083 1 0
130 181 791322 -1 0
118 190 791339 1 0
98 82 791998 1 0
171 89 792856 -1 0
178 74 793311 -1 0
119 194 793818 1 0
179 72 795692 -1 0
85 14 795802 1 0
94 63 797389 1 0
94 62 797389 1 0
111 151 799132 1 0
88 23 799302 -1 0
93 58 799625 1 0
182 65 799636 -1 0
116 181 799830 1 0
116 180 799830 1 0
93 55 800261 1 0
85 13 801935 1 0
85 15 802194 1 0
103 109 802194 1 0
153 130 802291 -1 0
86 18 802659 1 0
86 15 802998 -1 0
102 104 806224 1 0
177 75 807027 -1 0
116 182 808642 1 0
109 141 810289 1 0
118 191 810491 1 0
106 124 812329 1 0
150 136 812908 -1 0
112 157 814152 1 0
167 98 814429 -1 0
166 101 816567 -1 0
94 61 816582 1 0
95 68 817383 1 0
108 135 818169 1 0
101 100 818630 1 0
126 191 819721 -1 0
135 171 819824 -1 0
182 60 820254 1 0
96 71 820257 1 0
99 88 821085 1 0
140 160 821220 -1 0
176 79 821413 -1 0
99 90 822343 1 0
90 38 823259 1 0
173 85 823320 -1 0
105 119 824608 1 0
159 116 825484 -1 0
117 187 825861 1 0
95 67 827629 1 0
100 94 827629 1 0
92 49 827974 1 0
110 146 827974 1 0
89 10 828354 -1 0
138 163 828427 -1 0
102 103 830164 1 0
107 130 830164 1 0
181 68 831157 -1 0
117 186 831614 1 0
166 102 834306 -1 0
123 197 834969 -1 0
98 81 835490 1 0
124 195 836013 -1 0
127 188 836045 -1 0
113 162 837720 1 0
183 63 838648 -1 0
170 92 839475 -1 0
85 12 839556 1 0
120 202 841312 1 0
99 89 842101 1 0
141 158 844883 -1 0
104 114 845077 1 0
139 161 846135 -1 0
164 106 846728 -1 0
100 93 847274 1 0
101 98 847346 1 0
182 64 847534 -1 0
101 101 847659 1 0
139 162 848031 -1 0
101 99 848264 1 0
99 87 849795 1 0
100 95 850102 1 0
103 108 852244 1 0
95 66 852472 1 0
93 54 854778 1 0
132 177 855956 -1 0
89 33 856900 1 0
114 167 857376 1 0
143 152 857713 -1 0
137 167 858233 -1 0
121 201 860415 -1 0
100 92 869178 1 0
88 32 870526 1 0
96 70 871837 1 0
125 193 873790 -1 0
129 185 874715 -1 0
158 120 875592 -1 0
90 42 878598 1 0
164 104 879081 -1 0
165 104 880062 -1 0
90 43 881851 1 0
127 189 881857 -1 0
150 137 882464 -1 0
155 127 882496 -1 0
101 97 882824 1 0
118 189 883696 1 0
162 111 883850 -1 0
105 19 885563 -1 0
129 183 886595 -1 0
160 115 888061 -1 0
142 154 888713 -1 0
88 27 890285 1 0
136 169 890756 -1 0
168 97 892884 -1 0
154 128 892900 -1 0
95 65 894102 1 0
167 97 894536 -1 0
144 150 897043 -1 0
146 145 897043 -1 0
156 124 897906 -1 0
97 76 899323 1 0
94 60 900229 1 0
111 156 900405 1 0
85 9 900435 -1 0
121 202 901836 -1 0
180 59 903293 1 0
146 146 905061 -1 0
90 41 905213 1 0
123 198 905459 -1 0
146 147 905473 -1 0
172 87 906277 -1 0
128 186 908795 -1 0
143 153 909318 -1 0
118 188 912256 -1 0
110 150 913501 1 0
91 48 913704 1 0
90 40 914155 1 0
89 37 914747 1 0
131 180 915852 -1 0
125 194 916807 -1 0
124 196 919057 -1 0
87 22 920323 1 0
122 200 920666 -1 0
183 62 920735 -1 1
108 140 920932 1 0
130 182 921410 -1 0
99 16 922450 -1 0
87 7 923156 1 1
91 11 925195 -1 0
85 11 927275 1 0
133 175 928019 -1 0
107 134 928155 1 0
147 143 928336 -1 0
113 166 928458 1 0
129 184 929751 -1 0
84 10 930451 1 0
106 129 930534 1 0
115 173 931514 1 0
112 161 932717 1 0
156 123 933756 -1 0
176 78 934279 -1 0
151 134 934901 -1 0
140 159 938548 -1 0
90 39 938911 1 0
86 17 939308 1 0
132 178 939679 -1 0
85 16 941147 1 0
92 53 943570 1 0
108 139 945407 1 0
155 125 946097 -1 0
161 113 946563 -1 0
128 187 946709 -1 0
91 47 946765 1 0
150 138 946996 -1 0
86 21 947194 1 0
91 45 947600 1 0
109 145 948125 1 0
91 46 948546 1 0
179 73 949251 -1 0
105 123 949700 1 0
174 83 949991 -1 0
141 157 950087 -1 0
152 132 952860 -1 0
112 160 953055 1 0
179 70 954407 -1 0
117 179 954407 -1 0
104 118 954971 1 0
96 75 954971 1 0
108 138 955842 1 0
157 122 955860 -1 0
89 36 957690 1 0
157 121 957768 -1 0
111 155 958739 1 0
122 199 960673 -1 0
110 149 961686 1 0
134 173 961934 -1 0
108 136 962926 1 0
106 125 962926 1 0
103 107 963796 1 0
106 128 963924 1 0
87 26 965520 1 0
112 158 965634 1 0
111 152 966967 1 0
134 172 966982 -1 0
105 120 969258 1 0
88 31 970734 1 0
114 172 971857 1 0
86 9 972906 1 0
103 113 973449 1 0
164 105 974616 -1 0
104 117 975717 1 0
106 127 976513 1 0
108 137 976513 1 0
112 159 976513 1 0
110 147 976802 1 0
107 131 976802 1 0
106 126 977327 1 0
89 34 977450 1 0
89 35 977807 1 0
113 165 978157 1 0
84 8 978816 1 0
114 168 978816 1 0
177 76 979029 -1 0
97 80 980135 1 0
87 9 980273 -1 0
92 50 980847 1 0
107 133 981322 1 0
96 14 981529 -1 0
118 193 981962 1 0
148 141 982504 -1 0
120 201 982509 1 0
119 195 982509 1 0
113 163 983414 1 0
114 170 984036 1 0
98 86 985518 1 0
109 142 985527 1 0
119 199 986293 1 0
156 122 986606 -1 0
110 148 986747 1 0
104 116 986747 1 0
109 144 987241 1 0
114 169 987771 1 0
145 148 988302 -1 0
114 171 988334 1 0
149 139 989302 -1 0
84 9 989547 1 0
102 107 991035 1 0
105 122 991690 1 0
111 154 992358 1 0
115 177 992358 1 0
125 192 992985 -1 0
92 51 993202 1 0
88 30 994194 1 0
126 191 995239 -1 0
93 59 996751 1 0
102 102 997258 1 0
92 52 997604 1 0
104 115 998716 1 0
135 170 998837 -1 0
87 23 999165 1 0
111 150 999348 1 0
126 190 1000466 -1 0
105 121 1001971 1 0
107 132 1001971 1 0
109 143 1001971 1 0
111 153 1002136 1 0
95 69 1002257 1 0
88 29 1002531 1 0
99 15 1004122 -1 0
100 16 1005371 -1 0
134 174 1005402 -1 0
161 112 1006189 -1 0
87 25 1007003 1 0
117 188 1007011 1 0
94 64 1007547 1 0
100 96 1007962 1 0
88 28 1007998 1 0
99 91 1009141 1 0
157 120 1010092 -1 0
160 113 1010104 -1 0
104 113 1010324 1 0
115 174 1011445 1 0
113 164 1011449 1 0
116 179 1012021 1 0
96 74 1012217 1 0
175 81 1012526 -1 0
171 88 1015050 -1 0
86 20 1015642 1 0
91 44 1015781 1 0
168 96 1016052 -1 0
131 179 1016096 -1 0
119 197 1017040 1 0
119 198 1018270 1 0
117 185 1019847 1 0
87 24 1020051 1 0
98 84 1021154 1 0
98 85 1021154 1 0
112 156 1021769 1 0
153 130 1021844 -1 0
184 62 1022307 -1 0
116 183 1022375 1 0
85 8 1022889 -1 0
181 67 1023097 -1 0
133 176 1023236 -1 0
118 190 1023589 1 0
162 110 1023626 -1 0
173 85 1027205 -1 0
111 151 1027435 1 0
120 200 1027732 1 0
125 193 1027938 -1 0
165 103 1031057 -1 0
86 19 1032741 1 0
163 108 1034087 -1 0
112 157 1034850 1 0
124 195 1034871 -1 0
101 102 1034878 1 0
97 14 1034904 -1 0
137 166 1035163 -1 0
150 136 1035504 -1 0
86 18 1035586 1 0
118 192 1035814 1 0
115 176 1035814 1 0
100 91 1036709 1 0
96 73 1036888 1 0
123 197 1036902 -1 0
178 74 1037065 -1 0
180 68 1037526 -1 0
180 69 1037872 -1 0
103 112 1038109 1 0
115 175 1039001 1 0
136 168 1039914 -1 0
98 83 1040020 1 0
119 196 1041174 1 0
98 82 1041200 1 0
160 114 1041770 -1 0
116 178 1042066 1 0
90 38 1042352 1 0
90 37 1042610 1 0
121 200 1043398 1 0
95 13 1044074 -1 0
97 79 1044098 1 0
93 55 1044968 1 0
171 91 1046235 -1 0
176 80 1046671 -1 0
93 56 1048055 1 0
102 106 1049351 1 0
85 15 1049598 1 0
103 109 1049598 1 0
85 14 1050682 1 0
183 58 1051229 -1 1
97 77 1051898 1 0
103 111 1052422 1 0
178 58 1052899 1 0
109 141 1053221 1 0
158 119 1054069 -1 0
108 135 1056748 1 0
93 57 1057044 1 0
120 202 1057193 1 0
99 86 1057258 1 0
106 124 1057935 1 0
96 72 1058616 1 0
181 66 1058872 -1 0
102 104 1059256 1 0
162 109 1059441 -1 0
167 99 1060080 -1 0
116 180 1060721 1 0
116 181 1060721 1 0
96 71 1061414 1 0
123 198 1061562 -1 0
159 117 1062799 -1 0
117 184 1064699 1 0
169 94 1064719 -1 0
110 146 1064801 1 0
92 49 1064801 1 0
121 202 1065325 -1 0
124 196 1065470 -1 0
85 13 1065966 1 0
163 107 1066416 -1 0
179 72 1066521 -1 0
127 189 1066895 -1 0
127 188 1067369 -1 0
94 61 1067765 1 0
98 81 1068099 1 0
171 89 1068880 -1 0
118 191 1069480 1 0
107 130 1069546 1 0
102 103 1069546 1 0
97 78 1069847 1 0
103 110 1069847 1 0
138 163 1070580 -1 0
105 119 1071140 1 0
110 145 1072431 1 0
113 162 1072793 1 0
94 63 1073448 1 0
94 62 1073448 1 0
104 114 1075955 1 0
161 111 1075963 -1 0
97 75 1076158 1 0
89 33 1077494 1 0
99 88 1078172 1 0
102 105 1078253 1 0
109 140 1078628 1 0
103 108 1079036 1 0
93 58 1079263 1 0
182 65 1079969 -1 0
116 182 1082682 1 0
122 200 1082814 -1 0
99 87 1085623 1 0
95 68 1085995 1 0
117 186 1086798 1 0
130 181 1088094 -1 0
117 187 1089210 1 0
85 12 1089896 1 0
125 194 1090200 -1 0
100 93 1092907 1 0
93 12 1094560 -1 0
93 54 1095834 1 0
105 118 1096178 1 0
139 161 1097357 -1 0
121 201 1097607 -1 0
99 90 1097880 1 0
183 62 1101157 -1 0
114 167 1101157 1 0
100 92 1101451 1 0
159 116 1101508 -1 0
86 14 1102931 -1 0
146 144 1102931 -1 0
95 66 1103848 1 0
131 180 1105467 -1 0
96 70 1106639 1 0
101 97 1106773 1 0
101 98 1106774 1 0
167 98 1106870 -1 0
101 100 1107576 1 0
128 186 1108697 -1 0
97 76 1109515 1 0
100 94 1110547 1 0
95 67 1110547 1 0
95 64 1110970 1 0
100 95 1112746 1 0
138 37 1112908 -1 0
141 155 1112908 -1 0
129 184 1113703 -1 0
143 152 1114142 -1 0
155 124 1119780 -1 0
165 102 1119780 -1 0
119 194 1119782 1 0
135 171 1119804 -1 0
96 69 1120564 1 0
87 7 1121927 1 1
101 101 1122658 1 0
170 92 1124115 -1 0
151 134 1126243 -1 0
99 89 1126742 1 0
166 101 1127252 -1 0
132 178 1127485 -1 0
95 65 1127848 1 0
154 128 1129759 -1 0
88 27 1131234 1 0
146 145 1133616 -1 0
144 150 1133616 -1 0
129 183 1134345 -1 0
118 187 1134468 -1 0
183 63 1138045 -1 0
94 60 1139297 1 0
132 177 1139583 -1 0
172 87 1140673 -1 0
101 99 1140984 1 0
178 73 1143394 -1 0
107 129 1143650 1 0
129 185 1145142 -1 0
171 90 1145363 -1 0
142 155 1145552 -1 0
142 154 1146182 -1 0
98 80 1146894 1 0
152 132 1148589 -1 0
183 64 1149164 -1 0
130 182 1149667 -1 0
155 126 1151166 -1 0
180 70 1151923 -1 0
182 66 1159121 -1 0
159 118 1159148 -1 0
106 123 1160386 1 0
182 60 1161364 1 0
135 169 1162258 -1 0
90 39 1162780 1 0
122 199 1165444 -1 0
87 22 1166012 1 0
113 161 1166079 1 0
133 175 1168469 -1 0
176 78 1168997 -1 0
169 93 1169253 -1 0
126 191 1170757 -1 0
86 17 1170849 1 0
138 164 1171150 -1 0
85 9 1171401 -1 0
149 140 1171846 -1 0
128 187 1173644 -1 0
105 117 1176707 1 0
111 149 1176707 1 0
91 45 1177664 1 0
154 127 1178127 -1 0
87 20 1178939 -1 0
145 149 1179527 -1 0
147 143 1181474 -1 0
125 193 1182086 -1 0
90 42 1184941 1 0
90 40 1185418 1 0
118 189 1186230 1 0
115 173 1186514 1 0
174 83 1186709 -1 0
90 41 1189604 1 0
163 106 1190066 -1 0
156 123 1191224 -1 0
90 43 1192124 1 0
163 109 1193569 -1 0
108 134 1194738 1 0
169 95 1195640 -1 0
101 96 1196260 1 0
157 121 1197237 -1 0
89 37 1197296 1 0
88 32 1197501 1 0
178 75 1197590 -1 0
184 61 1200901 -1 0
151 135 1203803 -1 0
144 151 1205786 -1 0
89 34 1207153 1 0
121 203 1208769 -1 0
147 144 1208792 -1 0
111 152 1210843 1 0
124 196 1211883 -1 0
167 100 1212007 -1 0
92 50 1212764 1 0
177 77 1213745 -1 0
180 71 1213840 -1 0
85 11 1214812 1 0
138 165 1215974 -1 0
112 158 1216298 1 0
114 166 1216424 1 0
123 198 1217664 -1 0
177 76 1218820 -1 0
140 159 1219845 -1 0
103 107 1220326 1 0
134 172 1220394 -1 0
91 46 1220567 1 0
105 120 1222589 1 0
84 8 1223522 1 0
114 168 1223522 1 0
113 163 1223971 1 0
155 125 1224531 -1 0
125 192 1224906 -1 0
91 47 1227066 1 0
89 36 1227893 1 0
106 125 1228289 1 0
108 136 1228289 1 0
121 202 1228813 -1 0
141 157 1229299 -1 0
89 35 1229414 1 0
120 201 1229770 1 0
119 195 1229770 1 0
173 85 1231091 -1 0
91 48 1232380 1 0
140 160 1233350 -1 0
124 195 1233730 -1 0
137 167 1234788 -1 0
107 131 1235686 1 0
110 147 1235686 1 0
154 129 1237218 -1 0
88 28 1237320 1 0
116 179 1237531 1 0
123 197 1238834 -1 0
111 150 1239497 1 0
136 169 1240455 -1 0
180 59 1240802 1 0
153 130 1241398 -1 0
87 26 1242083 1 0
88 31 1242228 1 0
109 142 1242640 1 0
87 23 1243019 1 0
176 79 1243338 -1 0
91 44 1243482 1 0
122 200 1244961 -1 0
126 190 1245177 -1 0
111 156 1249366 1 0
113 166 1249417 1 0
85 16 1249440 1 0
86 21 1249451 1 0
112 160 1249461 1 0
111 155 1249472 1 0
84 9 1249528 1 0
88 30 1249536 1 0
104 115 1249544 1 0
181 68 1252271 -1 0
127 189 1252807 -1 0
141 158 1253686 -1 0
152 133 1257812 -1 0
148 141 1259457 -1 0
139 162 1260134 -1 0
179 59 1260794 -1 0
164 106 1262564 -1 0
150 136 1263409 -1 0
104 112 1264135 1 0
94 59 1264591 1 0
177 58 1264756 -1 0
161 112 1266305 -1 0
153 131 1266533 -1 0
142 156 1266570 -1 0
112 156 1267359 1 0
172 88 1267872 -1 0
112 23 1267922 -1 0
102 102 1268635 1 0
133 176 1268660 -1 0
125 194 1268665 -1 0
166 102 1269758 -1 0
175 81 1272634 -1 0
162 110 1272946 -1 0
118 190 1273066 1 0
183 60 1273895 -1 0
145 148 1276168 -1 0
89 32 1276577 1 0
112 157 1276815 1 0
111 151 1277965 1 0
107 128 1278172 1 0
108 133 1278766 1 0
115 174 1279225 1 0
121 200 1279330 1 0
104 113 1279675 1 0
164 105 1283116 -1 0
122 201 1284193 -1 0
178 74 1289464 -1 0
148 142 1290201 -1 0
134 173 1290744 -1 0
90 38 1293232 1 0
114 24 1293256 1 0
106 122 1293455 1 0
137 166 1294252 -1 0
149 139 1295979 -1 0
168 96 1296670 -1 0
100 91 1297562 1 0
102 17 1297801 -1 0
160 115 1299611 -1 0
165 104 1301087 -1 0
112 155 1302333 1 0
170 93 1304043 -1 0
110 145 1304072 1 0
162 111 1307234 -1 0
111 148 1307392 1 0
131 180 1308181 -1 0
114 170 1309690 1 0
158 120 1310252 -1 0
180 69 1310463 -1 0
123 199 1310799 -1 0
124 197 1311451 -1 0
88 29 1313283 1 0
86 18 1313492 1 0
90 37 1315202 1 0
181 67 1315379 -1 0
108 139 1316150 1 0
134 174 1316382 -1 0
156 124 1316914 -1 0
113 160 1317656 1 0
92 48 1318312 1 0
84 10 1319963 1 0
87 25 1319963 1 0
150 137 1320106 -1 0
160 114 1320516 -1 0
99 86 1320941 1 0
158 119 1321347 -1 0
109 140 1321706 1 0
117 185 1322197 1 0
175 82 1322960 -1 0
92 51 1323892 1 0
125 195 1325774 -1 0
120 198 1326960 1 0
132 178 1328799 -1 0
165 103 1330212 -1 0
168 97 1332592 -1 0
105 116 1332915 1 0
143 153 1333021 -1 0
105 118 1333789 1 0
88 26 1334163 1 0
114 165 1335038 1 0
97 75 1336569 1 0
103 106 1336868 1 0
138 163 1336998 -1 0
184 62 1338361 -1 0
97 74 1338813 1 0
146 146 1338865 -1 0
129 184 1341786 -1 0
120 197 1344261 1 0
86 20 1345795 1 0
107 126 1346542 1 0
109 138 1346542 1 0
135 170 1347025 -1 0
179 72 1348267 -1 0
109 137 1348638 1 0
115 172 1348837 1 0
120 196 1349347 1 0
118 202 1349385 1 1
110 143 1349734 1 0
136 168 1352781 -1 0
91 42 1353281 1 0
163 108 1354369 -1 0
111 147 1356972 1 0
159 116 1360252 -1 0
96 69 1361563 1 0
115 171 1362525 1 0
107 129 1362797 1 0
99 85 1363706 1 0
113 161 1365824 1 0
98 79 1366176 1 0
95 64 1366735 1 0
159 117 1367111 -1 0
98 80 1369288 1 0
155 127 1369419 -1 0
171 89 1370034 -1 0
92 47 1370063 1 0
161 113 1371731 -1 0
106 123 1371764 1 0
112 153 1371764 1 0
87 24 1372349 1 0
169 94 1372739 -1 0
107 127 1373056 1 0
163 107 1373064 -1 0
92 53 1373384 1 0
114 171 1373384 1 0
87 21 1373583 1 0
106 120 1374387 1 0
111 149 1375337 1 0
92 52 1376120 1 0
108 132 1377171 1 0
179 73 1377558 -1 0
104 111 1378629 1 0
110 142 1378629 1 0
85 10 1380172 1 0
120 199 1380172 1 0
182 65 1380363 -1 0
105 117 1381512 1 0
112 154 1382852 1 0
104 110 1383288 1 0
87 20 1383451 1 0
107 125 1385650 1 0
113 165 1386737 1 0
109 136 1387111 1 0
153 45 1387838 -1 0
106 121 1388616 1 0
157 122 1388953 -1 0
130 182 1389028 -1 0
108 134 1390168 1 0
86 19 1390474 1 0
116 178 1390614 1 0
114 166 1390846 1 0
93 52 1391015 1 0
105 115 1392225 1 0
112 152 1392225 1 0
86 10 1392790 -1 0
85 9 1393816 1 0
103 103 1394140 1 0
91 43 1394513 1 0
167 98 1396905 -1 0
154 128 1397333 -1 0
126 191 1397493 -1 0
167 99 1398040 -1 0
103 105 1400582 1 0
139 37 1400606 1 0
108 131 1401369 1 0
113 159 1401369 1 0
135 171 1401623 -1 0
139 161 1401676 -1 0
112 151 1402528 1 0
131 179 1402895 -1 0
101 96 1402998 1 0
108 138 1403427 1 0
110 144 1404148 1 0
86 16 1404494 1 0
111 150 1405274 1 0
114 169 1406437 1 0
118 188 1406741 1 0
93 53 1407251 1 0
109 139 1407251 1 0
146 145 1409106 -1 0
129 185 1409324 -1 0
103 107 1409481 1 0
126 192 1409562 -1 0
95 63 1410399 1 0
92 46 1410535 1 0
104 108 1411041 1 0
111 146 1411041 1 0
90 36 1411321 1 0
127 188 1411913 -1 0
93 55 1411921 1 0
109 135 1415794 1 0
91 41 1415978 1 0
172 87 1416833 -1 0
128 186 1417286 -1 0
108 130 1418312 1 0
110 141 1418312 1 0
118 187 1418399 1 0
120 202 1418699 1 0
118 193 1418699 1 0
128 187 1419059 -1 0
116 176 1419061 1 0
181 59 1419485 -1 0
170 92 1419986 -1 0
106 119 1420933 1 0
104 112 1421039 1 0
89 32 1422746 1 0
105 114 1423314 1 0
89 31 1424087 1 0
113 158 1424663 1 0
122 200 1424742 -1 0
92 49 1424954 1 0
89 33 1424954 1 0
94 59 1426557 1 0
116 177 1427210 1 0
96 68 1427956 1 0
166 101 1428200 -1 0
107 124 1428290 1 0
86 14 1428375 1 0
91 40 1429462 1 0
142 154 1431184 -1 0
107 128 1433108 1 0
117 179 1433590 1 0
174 84 1434389 -1 0
112 156 1435359 1 0
122 198 1436477 1 0
114 172 1436750 1 0
104 109 1436955 1 0
108 133 1436971 1 0
155 126 1437499 -1 0
113 157 1437695 1 0
109 141 1438749 1 0
152 132 1439156 -1 0
174 83 1441299 -1 0
98 81 1442952 1 0
101 95 1443197 1 0
112 155 1443574 1 0
97 73 1444056 1 0
146 147 1444293 -1 0
151 134 1444461 -1 0
173 86 1445606 -1 0
94 58 1445825 1 0
89 10 1445832 -1 0
104 113 1445905 1 0
122 201 1446085 -1 0
85 15 1446460 1 0
88 23 1447972 1 0
88 25 1448295 1 0
102 102 1448977 1 0
106 122 1451312 1 0
101 94 1451932 1 0
99 83 1452509 1 0
115 169 1453519 1 0
90 37 1454639 1 0
108 135 1454871 1 0
87 19 1454910 1 0
99 84 1455793 1 0
93 51 1455793 1 0
121 199 1457389 -1 0
103 104 1457638 1 0
100 90 1458272 1 0
115 177 1459243 1 0
183 64 1459682 -1 0
114 164 1460562 1 0
142 155 1460748 -1 0
113 160 1462343 1 0
159 118 1463343 -1 0
156 123 1463432 -1 0
90 35 1463525 1 0
132 179 1464299 -1 0
92 48 1464402 1 0
85 14 1465441 1 0
124 196 1465805 -1 0
92 45 1465854 1 0
98 78 1466034 1 0
110 145 1466758 1 0
144 150 1467559 -1 0
157 121 1468728 -1 0
97 72 1469041 1 0
183 63 1469417 -1 0
99 81 1470623 1 0
176 78 1472623 -1 0
101 17 1472756 1 0
115 170 1473248 1 0
143 152 1474024 -1 0
150 138 1474090 -1 0
98 82 1474568 1 0
138 164 1475758 -1 0
180 70 1477156 -1 0
117 184 1477716 1 0
102 97 1477931 1 0
151 135 1478690 -1 0
111 148 1480068 1 0
89 29 1480600 1 0
98 76 1481828 1 0
101 92 1481828 1 0
85 12 1482475 1 0
119 190 1482542 1 0
117 181 1482542 1 0
88 26 1482701 1 0
113 162 1482906 1 0
114 163 1483206 1 0
96 71 1483837 1 0
106 124 1483837 1 0
100 91 1484191 1 0
182 66 1484276 -1 0
171 90 1484557 -1 0
119 192 1484849 1 0
168 53 1485055 -1 0
114 165 1485120 1 0
86 15 1485808 1 0
92 44 1486488 1 0
88 21 1486491 -1 0
91 42 1487288 1 0
127 190 1487483 -1 0
89 30 1487611 1 0
95 62 1489927 1 0
103 106 1490179 1 0
87 18 1491099 1 0
118 185 1491099 1 0
120 198 1491543 1 0
91 39 1491898 1 0
115 168 1492826 1 0
119 191 1493081 1 0
121 201 1493158 1 0
99 86 1493503 1 0
100 87 1493730 1 0
163 109 1494106 -1 0
110 146 1494347 1 0
123 198 1494439 -1 0
97 74 1495557 1 0
152 133 1495842 -1 0
119 193 1496124 1 0
109 140 1496127 1 0
138 165 1496367 -1 0
115 172 1496880 1 0
99 87 1496999 1 0
99 82 1497579 1 0
155 125 1498643 -1 0
117 183 1499244 1 0
112 159 1499781 1 0
121 202 1499966 1 0
101 93 1500658 1 0
114 161 1500876 -1 0
105 116 1501747 1 0
103 108 1501876 1 0
107 130 1501876 1 0
92 43 1502089 -1 0
105 118 1504401 1 0
89 28 1504932 1 0
93 50 1504932 1 0
85 9 1505295 1 0
167 52 1506468 1 0
97 70 1506766 1 0
125 194 1506767 -1 0
92 47 1507125 1 0
122 203 1507317 1 1
90 34 1507785 1 0
87 20 1507933 1 0
102 100 1508062 1 0
93 54 1508083 1 0
153 131 1508380 -1 0
115 171 1508526 1 0
136 169 1508703 -1 0
147 144 1509062 -1 0
96 67 1509350 1 0
104 18 1510455 -1 0
120 197 1510619 1 0
99 85 1511239 1 0
117 188 1511753 1 0
113 164 1511773 1 0
133 176 1511884 -1 0
102 103 1512652 1 0
97 75 1512842 1 0
85 13 1513960 1 0
87 21 1514663 1 0
94 56 1514673 1 0
106 126 1514688 1 0
107 126 1515202 1 0
109 138 1515202 1 0
102 101 1516867 1 0
98 79 1516915 1 0
144 151 1516923 -1 0
117 177 1518385 -1 0
94 61 1518413 1 0
130 181 1518837 -1 0
167 100 1519446 -1 0
154 129 1519729 -1 0
132 177 1520169 -1 0
111 147 1520275 1 0
102 99 1520341 1 0
116 172 1520527 -1 0
109 137 1520960 1 0
94 55 1520973 1 0
127 189 1521424 -1 0
95 60 1521762 1 0
95 61 1522457 1 0
102 98 1522457 1 0
91 38 1522457 1 0
113 161 1522537 1 0
93 49 1523167 1 0
118 191 1523417 1 0
131 181 1523837 -1 0
110 143 1523969 1 0
137 167 1524199 -1 0
177 77 1524290 -1 0
93 56 1524454 1 0
97 71 1524681 1 0
120 196 1524681 1 0
100 89 1524788 1 0
124 197 1525904 -1 0
108 137 1526805 1 0
111 149 1527343 1 0
96 70 1527357 1 0
133 175 1527399 -1 0
114 162 1528212 1 0
139 162 1528748 -1 0
85 10 1528775 1 0
120 199 1528775 1 0
116 180 1529367 1 0
173 85 1529707 -1 0
98 80 1530689 1 0
96 69 1531875 1 0
98 77 1532529 1 0
115 175 1532878 1 0
120 193 1532928 -1 0
125 193 1533284 -1 0
149 140 1533437 -1 0
176 79 1533844 -1 0
93 52 1534395 1 0
171 91 1534839 -1 0
107 129 1534993 1 0
178 58 1535225 1 0
106 123 1536515 1 0
112 153 1536515 1 0
100 88 1536686 1 0
180 71 1536949 -1 0
145 149 1537330 -1 0
97 76 1537384 1 0
97 77 1537435 1 0
104 114 1537435 1 0
120 195 1538341 1 0
162 110 1538910 -1 0
91 43 1539027 1 0
96 65 1539062 1 0
125 195 1539310 -1 0
107 127 1539556 1 0
96 66 1540041 1 0
140 160 1540183 -1 0
117 182 1540231 1 0
118 186 1540231 1 0
119 199 1540630 1 0
178 75 1540763 -1 0
105 117 1541008 1 0
93 48 1541057 -1 0
105 119 1541316 1 0
94 57 1542228 1 0
112 161 1542231 1 0
133 177 1542646 -1 0
130 183 1542651 -1 0
106 120 1542687 1 0
116 175 1543653 1 0
112 154 1543973 1 0
128 188 1544539 -1 0
95 64 1544944 1 0
90 36 1545115 1 0
115 166 1545355 -1 0
114 166 1545366 1 0
86 16 1545792 1 0
87 16 1546104 -1 0
105 115 1548258 1 0
112 152 1548258 1 0
161 112 1548480 -1 0
108 132 1549238 1 0
136 170 1549983 -1 0
90 33 1550028 1 0
107 125 1550163 1 0
100 92 1550356 1 0
164 106 1550563 -1 0
140 159 1551329 -1 0
118 183 1551633 -1 0
123 199 1552558 -1 0
110 142 1552667 1 0
104 111 1552667 1 0
131 180 1552892 -1 0
118 188 1552949 1 0
109 136 1553396 1 0
88 24 1553950 1 0
134 172 1554216 -1 0
119 196 1554402 1 0
132 178 1555463 -1 0
86 13 1555524 1 0
89 31 1555903 1 0
94 54 1556141 1 0
176 80 1556391 -1 0
116 174 1556554 1 0
106 121 1556727 1 0
110 144 1558297 1 0
138 166 1559750 -1 0
108 134 1560160 1 0
129 186 1560232 -1 0
106 127 1560584 1 0
111 153 1560584 1 0
101 97 1560685 1 0
117 186 1560685 1 0
122 202 1561141 -1 0
177 76 1561440 -1 0
137 168 1562270 -1 0
114 167 1562435 1 0
107 133 1562479 1 0
181 68 1563206 -1 0
104 110 1563630 1 0
93 53 1564503 1 0
109 139 1564503 1 0
103 109 1565367 1 0
95 65 1567062 1 0
108 131 1567435 1 0
113 159 1567435 1 0
119 194 1567552 1 0
111 150 1567650 1 0
116 183 1567719 1 0
118 192 1567719 1 0
91 41 1568240 1 0
116 181 1568795 1 0
93 57 1568795 1 0
89 32 1568915 1 0
169 95 1569074 -1 0
175 81 1569745 -1 0
129 183 1570992 -1 0
141 158 1571030 -1 0
92 46 1571070 1 0
134 174 1571480 -1 0
91 37 1572377 -1 0
91 11 1572415 -1 0
164 105 1572762 -1 0
95 63 1573489 1 0
116 176 1573682 1 0
116 177 1574181 1 0
118 187 1575481 1 0
134 175 1575593 -1 0
89 27 1575649 1 0
86 14 1575909 1 0
86 12 1576217 1 0
119 188 1576876 -1 0
104 112 1577944 1 0
180 69 1578660 -1 0
147 143 1580660 -1 0
91 40 1581313 1 0
135 172 1582115 -1 0
141 157 1582284 -1 0
115 167 1582880 1 0
103 105 1583206 1 0
112 155 1584816 1 0
113 158 1584892 1 0
153 130 1584903 -1 0
103 101 1585588 -1 0
117 179 1585853 1 0
88 25 1586160 1 0
119 197 1586807 1 0
117 180 1587019 1 0
112 151 1587512 1 0
160 114 1587627 -1 0
160 115 1588009 -1 0
107 128 1588045 1 0
94 59 1588524 1 0
103 103 1589165 1 0
148 142 1589440 -1 0
103 107 1589822 1 0
96 68 1590713 1 0
94 53 1590804 -1 0
101 96 1591093 1 0
107 132 1591669 1 0
120 200 1593084 1 0
121 200 1593391 1 0
150 137 1593553 -1 0
90 37 1594077 1 0
158 119 1594381 -1 0
184 62 1594789 -1 0
95 66 1595057 1 0
108 133 1595176 1 0
106 128 1596282 1 0
142 156 1596482 -1 0
87 19 1597374 1 0
88 23 1597872 1 0
99 88 1598188 1 0
159 116 1598876 -1 0
178 74 1601601 -1 0
156 124 1602822 -1 0
112 156 1603360 1 0
101 95 1603427 1 0
109 144 1604011 1 0
122 200 1605088 -1 0
146 146 1605642 -1 0
104 108 1606348 1 0
111 146 1606348 1 0
113 160 1607029 1 0
90 32 1607179 -1 0
122 201 1607978 -1 0
94 58 1608235 1 0
88 20 1608274 -1 0
104 109 1608460 1 0
106 122 1609169 1 0
92 48 1610492 1 0
137 36 1610821 1 0
104 113 1612136 1 0
115 169 1613106 1 0
105 114 1613455 1 0
88 27 1613555 1 0
100 90 1615972 1 0
86 17 1616674 1 0
85 9 1616775 1 0
109 135 1616866 1 0
86 15 1616965 1 0
93 51 1617164 1 0
99 84 1617164 1 0
172 88 1619132 -1 0
90 35 1619323 1 0
126 192 1620243 -1 0
162 111 1620807 -1 0
91 42 1621295 1 0
134 173 1621384 -1 0
89 26 1621521 -1 0
100 16 1621673 -1 0
97 73 1622074 1 0
94 60 1622211 1 0
108 130 1622439 1 0
110 141 1622439 1 0
143 153 1622820 -1 0
165 104 1622855 -1 0
92 45 1623352 1 0
99 83 1623862 1 0
107 124 1623890 1 0
105 121 1624841 1 0
109 143 1624841 1 0
159 117 1625111 -1 0
115 170 1625364 1 0
168 96 1625390 -1 0
113 157 1625390 1 0
114 164 1625672 1 0
106 119 1628238 1 0
102 104 1628275 1 0
115 176 1628275 1 0
166 102 1629246 -1 0
102 102 1629318 1 0
110 145 1629445 1 0
165 103 1631053 -1 0
88 26 1631238 1 0
150 136 1631921 -1 0
87 20 1632416 1 0
145 148 1633117 -1 0
103 104 1633330 1 0
158 120 1635064 -1 0
114 165 1635201 1 0
119 192 1635508 1 0
97 14 1635531 -1 0
96 74 1636579 1 0
91 39 1636953 1 0
130 182 1637100 -1 0
121 197 1637202 -1 0
89 29 1637727 1 0
89 30 1639283 1 0
107 123 1639447 -1 0
108 129 1639447 -1 0
163 108 1639598 -1 0
112 150 1640050 -1 0
121 201 1641201 1 0
114 163 1642109 1 0
119 193 1642429 1 0
181 67 1643461 -1 0
103 106 1643490 1 0
92 47 1644188 1 0
117 181 1644217 1 0
119 190 1644217 1 0
115 172 1644923 1 0
118 182 1645461 -1 0
87 18 1645767 1 0
118 185 1645767 1 0
140 161 1647134 -1 0
139 163 1647134 -1 0
117 183 1647404 1 0
115 168 1647827 1 0
98 84 1648210 1 0
98 85 1648210 1 0
98 78 1648830 1 0
87 15 1648957 -1 0
92 42 1650945 -1 0
100 85 1650945 -1 0
102 95 1650945 -1 0
121 198 1650945 -1 0
97 74 1652301 1 0
111 148 1652745 1 0
179 72 1652943 -1 0
118 189 1653568 1 0
110 149 1653752 1 0
101 94 1653865 1 0
163 107 1653925 -1 0
97 79 1654225 1 0
97 72 1654382 1 0
117 187 1654446 1 0
115 171 1654528 1 0
87 21 1655744 1 0
120 198 1656126 1 0
137 166 1656753 -1 0
99 80 1656967 -1 0
89 28 1657803 1 0
93 50 1657803 1 0
96 72 1658517 1 0
99 85 1658772 1 0
86 10 1660996 -1 0
111 154 1661913 1 0
119 191 1662083 1 0
90 34 1662367 1 0
102 101 1664401 1 0
99 86 1666065 1 0
99 82 1666276 1 0
126 191 1666386 -1 0
98 79 1667654 1 0
93 59 1667684 1 0
106 19 1668248 -1 0
135 171 1669514 -1 0
96 73 1669518 1 0
129 185 1669551 -1 0
161 113 1670273 -1 0
109 140 1670548 1 0
105 116 1670580 1 0
100 91 1670819 1 0
92 44 1671927 1 0
116 182 1672590 1 0
138 163 1672818 -1 0
87 22 1672949 1 0
99 81 1673013 1 0
91 36 1673612 -1 0
90 31 1673612 -1 0
128 187 1673846 -1 0
105 118 1675013 1 0
120 197 1676978 1 0
85 10 1677377 1 0
120 199 1677377 1 0
93 52 1677775 1 0
95 62 1678062 1 0
95 13 1678850 -1 0
90 36 1678909 1 0
113 161 1679250 1 0
111 149 1679349 1 0
154 45 1679884 1 0
94 63 1682397 1 0
100 93 1682397 1 0
112 149 1683274 -1 0
109 134 1683274 -1 0
91 43 1683540 1 0
101 93 1683551 1 0
111 147 1683579 1 0
107 126 1683863 1 0
109 138 1683863 1 0
98 83 1684164 1 0
101 90 1684530 -1 0
167 98 1684632 -1 0
102 97 1687025 1 0
86 16 1687091 1 0
89 31 1687718 1 0
155 126 1688466 -1 0
97 75 1689115 1 0
175 82 1690896 -1 0
120 195 1692043 1 0
98 80 1692090 1 0
93 58 1692547 1 0
109 137 1693282 1 0
94 55 1693940 1 0
148 141 1693979 -1 0
98 76 1694498 1 0
101 92 1694498 1 0
94 56 1695016 1 0
129 184 1696088 -1 0
102 100 1696356 1 0
154 128 1696577 -1 0
168 97 1696764 -1 0
110 143 1698205 1 0
119 198 1698290 1 0
108 128 1699007 -1 0
118 188 1699156 1 0
157 122 1699781 -1 0
114 166 1699887 1 0
100 87 1699962 1 0
120 196 1700015 1 0
97 71 1700015 1 0
105 117 1700503 1 0
117 182 1700682 1 0
118 186 1700682 1 0
106 123 1701266 1 0
112 153 1701266 1 0
96 69 1702187 1 0
174 83 1702412 -1 0
132 179 1703961 -1 0
112 152 1704291 1 0
105 115 1704291 1 0
112 154 1705094 1 0
94 62 1705209 1 0
120 192 1705238 -1 0
88 19 1705238 -1 0
89 25 1705238 -1 0
155 46 1705481 -1 0
146 148 1705717 -1 0
107 127 1706055 1 0
88 24 1707189 1 0
107 129 1707190 1 0
99 15 1707381 -1 0
127 190 1707798 -1 0
91 38 1708104 1 0
95 61 1708104 1 0
102 98 1708104 1 0
155 127 1708652 -1 0
116 175 1709492 1 0
108 140 1709515 1 0
101 98 1710082 1 0
85 11 1710149 1 0
106 120 1710987 1 0
182 65 1711680 -1 0
179 73 1711687 -1 0
95 59 1712127 -1 0
114 160 1712127 -1 0
110 144 1712446 1 0
96 67 1712717 1 0
98 77 1712872 1 0
86 13 1713114 1 0
95 68 1714603 1 0
107 125 1714677 1 0
89 32 1715084 1 0
86 9 1715719 -1 0
105 122 1716059 1 0
94 57 1717464 1 0
102 99 1717595 1 0
167 99 1718692 -1 0
94 64 1719091 1 0
171 89 1719145 -1 0
149 139 1719554 -1 0
109 136 1719682 1 0
100 88 1719682 1 0
116 174 1719965 1 0
91 41 1720502 1 0
106 118 1721038 -1 0
116 177 1721153 1 0
121 202 1721255 1 0
108 132 1721305 1 0
87 14 1721373 -1 0
135 170 1721546 -1 0
93 53 1721754 1 0
109 139 1721754 1 0
146 145 1722279 -1 0
166 101 1722788 -1 0
95 64 1723153 1 0
93 47 1723237 -1 0
94 52 1723237 -1 0
99 79 1723237 -1 0
182 60 1723277 1 0
151 135 1723397 -1 0
86 14 1723444 1 0
88 25 1724025 1 0
97 70 1724027 1 0
170 92 1724763 -1 0
106 121 1724839 1 0
100 89 1725287 1 0
112 155 1726057 1 0
104 111 1726706 1 0
110 142 1726706 1 0
85 9 1728255 1 0
116 176 1728304 1 0
172 87 1729501 -1 0
111 150 1730025 1 0
108 134 1730153 1 0
158 121 1730476 -1 0
97 78 1730702 1 0
92 46 1731606 1 0
169 94 1731629 -1 0
118 187 1732563 1 0
95 58 1732768 -1 0
116 171 1732768 -1 0
170 93 1732963 -1 0
91 40 1733165 1 0
93 12 1733266 -1 0
108 131 1733500 1 0
113 159 1733500 1 0
90 37 1733514 1 0
180 59 1733844 1 0
152 133 1733871 -1 0
142 154 1734789 -1 0
104 112 1734849 1 0
95 63 1736578 1 0
98 75 1736797 -1 0
113 156 1736797 -1 0
93 49 1737368 1 0
96 66 1737670 1 0
117 179 1738116 1 0
87 19 1739838 1 0
156 123 1740000 -1 0
141 159 1740233 -1 0
124 197 1740357 -1 0
89 24 1741034 -1 0
120 191 1741034 -1 0
159 118 1742556 -1 0
116 173 1742851 1 0
107 128 1742982 1 0
87 17 1743831 1 0
104 110 1743973 1 0
145 150 1744388 -1 0
125 194 1744868 -1 0
113 158 1745121 1 0
114 162 1746369 1 0
88 21 1746396 -1 0
185 64 1746927 1 1
88 23 1747773 1 0
86 15 1748122 1 0
117 176 1748274 -1 0
119 186 1748274 -1 0
142 155 1748394 -1 0
157 121 1749268 -1 0
100 86 1749411 -1 0
110 139 1749411 -1 0
111 144 1749411 -1 0
183 64 1749480 -1 0
136 168 1749520 -1 0
153 131 1750226 -1 0
94 59 1750490 1 0
183 62 1751489 1 0
95 60 1751712 1 0
113 160 1751716 1 0
88 22 1751791 1 0
173 86 1752008 -1 0
125 195 1752846 -1 0
108 133 1753381 1 0
96 68 1753469 1 0
90 33 1754461 1 0
124 194 1754506 1 0
119 187 1754667 -1 0
133 176 1755108 -1 0
91 42 1755301 1 0
86 12 1756563 1 0
92 48 1756582 1 0
87 20 1756898 1 0
117 180 1756930 1 0
124 196 1757565 -1 0
138 164 1758101 -1 0
104 106 1759738 -1 0
107 122 1759738 -1 0
113 155 1759738 -1 0
95 69 1760366 1 0
174 84 1760771 -1 0
101 95 1763658 1 0
138 165 1764135 -1 0
110 148 1765278 1 0
104 116 1765278 1 0
104 117 1765278 1 0
96 65 1765726 1 0
103 105 1765830 1 0
106 122 1767026 1 0
115 165 1768350 -1 0
143 154 1768805 -1 0
122 201 1769870 -1 0
103 107 1770164 1 0
142 157 1770373 -1 0
94 58 1770646 1 0
112 156 1771360 1 0
155 125 1772321 -1 0
112 151 1772497 1 0
115 169 1772692 1 0
144 152 1772697 -1 0
157 123 1773227 -1 0
100 90 1773672 1 0
136 169 1774665 -1 0
90 35 1775121 1 0
118 203 1775614 -1 1
118 181 1775642 -1 0
97 68 1775642 -1 0
163 109 1776507 -1 0
115 170 1777481 1 0
104 113 1778367 1 0
93 51 1778535 1 0
99 84 1778535 1 0
101 96 1779189 1 0
94 54 1779517 1 0
88 26 1779776 1 0
104 109 1779966 1 0
92 45 1780850 1 0
107 134 1781211 1 0
92 47 1781250 1 0
118 180 1781897 -1 0
91 39 1782008 1 0
132 178 1782127 -1 0
147 144 1782336 -1 0
154 127 1783923 1 0
103 103 1784191 1 0
114 165 1785283 1 0
122 200 1785435 -1 0
180 70 1785451 -1 0
119 192 1786167 1 0
95 67 1788169 1 0
139 161 1788209 -1 0
119 193 1788735 1 0
121 201 1789245 1 0
127 189 1790042 -1 0
114 164 1790783 1 0
89 30 1790955 1 0
110 145 1792131 1 0
182 66 1792571 -1 0
115 172 1792966 1 0
96 75 1793161 1 0
128 188 1794156 -1 0
154 129 1794173 -1 0
111 145 1794253 -1 0
123 199 1794316 -1 0
89 29 1794854 1 0
99 83 1795214 1 0
117 183 1795564 1 0
103 106 1796801 1 0
87 21 1796824 1 0
139 162 1797362 -1 0
131 180 1797603 -1 0
131 181 1797675 -1 0
86 11 1799817 1 0
97 73 1800093 1 0
144 151 1800295 -1 0
118 185 1800435 1 0
87 18 1800435 1 0
115 171 1800529 1 0
156 125 1800553 -1 0
114 163 1801011 1 0
111 146 1801655 1 0
104 108 1801655 1 0
130 183 1801817 -1 0
150 43 1802328 1 0
123 198 1802742 -1 0
115 168 1802828 1 0
162 109 1802885 1 0
105 114 1803596 1 0
171 90 1804367 -1 0
162 110 1804874 -1 0
117 181 1805891 1 0
119 190 1805891 1 0
99 85 1806305 1 0
103 104 1809022 1 0
97 74 1809045 1 0
102 102 1809660 1 0
137 167 1809941 -1 0
89 28 1810674 1 0
93 50 1810674 1 0
106 117 1810968 -1 0
109 133 1810968 -1 0
102 101 1811936 1 0
177 77 1812125 -1 0
176 78 1812563 -1 0
122 202 1812566 -1 0
90 36 1812702 1 0
113 157 1813085 1 0
89 27 1813258 1 0
117 177 1813342 -1 0
167 100 1814533 -1 0
120 193 1815857 -1 0
97 69 1816823 -1 0
98 74 1816823 -1 0
100 84 1816823 -1 0
105 112 1816823 -1 0
146 144 1816852 1 0
90 34 1816949 1 0
109 135 1817938 1 0
87 16 1818135 -1 0
98 79 1818392 1 0
107 124 1819491 1 0
89 31 1819534 1 0
183 63 1819886 -1 0
120 198 1820709 1 0
93 52 1821156 1 0
115 164 1821616 -1 0
176 79 1822241 -1 0
111 148 1825421 1 0
96 63 1825613 -1 0
121 196 1825613 -1 0
90 30 1825613 -1 0
115 167 1825766 1 0
120 199 1825980 1 0
85 10 1825980 1 0
110 141 1826565 1 0
108 130 1826565 1 0
134 174 1826578 -1 0
155 128 1827116 -1 0
91 43 1828054 1 0
86 16 1828389 1 0
176 57 1830639 1 0
161 112 1830655 -1 0
126 192 1830923 -1 0
119 191 1831086 1 0
111 149 1831355 1 0
98 78 1831626 1 0
152 132 1831696 -1 0
88 18 1831901 -1 0
115 173 1832142 1 0
99 82 1834972 1 0
106 119 1835543 1 0
113 161 1835963 1 0
125 196 1836411 -1 0
99 90 1837457 1 0
159 116 1837499 -1 0
173 85 1838007 -1 0
164 106 1838563 -1 0
87 13 1838571 -1 0
99 86 1838626 1 0
105 116 1839412 1 0
97 72 1839724 1 0
85 9 1839734 1 0
129 186 1841334 -1 0
179 58 1841974 -1 0
140 160 1842583 -1 0
133 177 1843138 -1 0
120 197 1843337 1 0
109 140 1844969 1 0
118 188 1845363 1 0
105 118 1845624 1 0
120 195 1845745 1 0
180 69 1846858 -1 0
111 147 1846883 1 0
121 199 1846932 -1 0
124 198 1847400 -1 0
126 194 1847747 -1 0
92 43 1849937 -1 0
180 71 1850635 -1 0
116 172 1851176 -1 0
184 62 1851218 -1 0
149 140 1851666 -1 0
109 138 1852523 1 0
107 126 1852523 1 0
145 149 1853076 -1 0
118 183 1853266 -1 0
178 75 1853425 -1 0
98 80 1853490 1 0
114 166 1854407 1 0
160 114 1854738 -1 0
119 188 1854963 -1 0
126 193 1855598 -1 0
101 94 1855798 1 0
92 44 1857366 1 0
100 91 1857447 1 0
105 117 1859999 1 0
105 115 1860325 1 0
112 152 1860325 1 0
88 24 1860428 1 0
118 186 1861133 1 0
117 182 1861133 1 0
89 32 1861252 1 0
88 25 1861890 1 0
164 105 1862407 -1 0
97 75 1865388 1 0
135 169 1865527 1 0
109 137 1865604 1 0
106 123 1866017 1 0
112 153 1866017 1 0
95 62 1866198 1 0
112 154 1866215 1 0
101 93 1866443 1 0
134 171 1866586 1 0
155 124 1866586 1 0
110 144 1866595 1 0
106 129 1866670 1 0
175 81 1866855 -1 0
94 55 1866908 1 0
150 137 1867000 -1 0
112 155 1867298 1 0
158 119 1867415 -1 0
116 177 1868124 1 0
97 80 1869082 1 0
86 13 1870705 1 0
102 106 1870892 1 0
86 14 1870979 1 0
146 146 1872420 -1 0
110 143 1872441 1 0
96 69 1872499 1 0
107 127 1872555 1 0
91 41 1872764 1 0
90 37 1872952 1 0
122 199 1873073 -1 0
181 68 1874140 -1 0
99 81 1875435 1 0
97 71 1875435 1 0
94 56 1875452 1 0
116 175 1875462 1 0
120 196 1875483 1 0
160 115 1876029 -1 0
163 110 1876105 -1 0
165 105 1878619 -1 0
147 145 1878721 -1 0
123 200 1879115 -1 0
86 15 1880936 1 0
106 120 1881592 1 0
146 147 1881650 -1 0
107 125 1881804 1 0
109 139 1882115 1 0
159 117 1882629 -1 0
93 53 1882751 1 0
107 129 1882959 1 0
85 8 1883853 1 0
156 124 1884368 -1 0
116 174 1885312 1 0
150 138 1885473 -1 0
159 119 1885581 -1 0
87 20 1885982 1 0
87 19 1886196 1 0
148 142 1886602 -1 0
116 176 1886779 1 0
102 100 1887895 1 0
141 158 1887993 -1 0
91 40 1891620 1 0
136 170 1891879 -1 0
118 187 1892274 1 0
109 136 1892696 1 0
164 107 1892731 -1 0
115 25 1892922 -1 0
117 26 1892922 -1 0
152 44 1893349 1 0
117 179 1894671 1 0
162 112 1895303 -1 0
152 134 1895941 -1 0
91 38 1896480 1 0
98 77 1897334 1 0
102 97 1897562 1 0
95 61 1897795 1 0
94 57 1897795 1 0
169 95 1899532 -1 0
102 98 1899912 1 0
91 42 1903153 1 0
92 46 1903775 1 0
88 23 1905240 1 0
151 44 1905580 -1 0
106 121 1906251 1 0
135 172 1906296 -1 0
108 132 1906649 1 0
98 76 1908190 1 0
100 87 1908190 1 0
101 92 1908528 1 0
100 88 1909594 1 0
95 63 1909594 1 0
104 112 1909816 1 0
121 200 1909909 1 0
143 153 1911416 -1 0
162 111 1912353 -1 0
108 131 1913748 1 0
171 91 1914408 -1 0
110 142 1914604 1 0
113 160 1915508 1 0
113 159 1916963 1 0
107 128 1918007 1 0
108 134 1920297 1 0
117 178 1920312 1 0
127 31 1921395 -1 0
140 159 1921936 -1 0
130 182 1921936 -1 0
127 190 1922085 -1 0
95 64 1922220 1 0
104 111 1922220 1 0
113 158 1922282 1 0
142 156 1922369 -1 0
96 67 1922376 1 0
165 104 1922472 -1 0
134 175 1923892 -1 0
163 106 1924386 1 0
178 74 1924586 -1 0
150 139 1924890 -1 0
163 108 1925693 -1 0
102 99 1925868 1 0
92 48 1927124 1 0
156 122 1928383 1 0
154 130 1928547 -1 0
137 168 1929444 -1 0
158 120 1929808 -1 0
135 171 1931014 -1 0
96 68 1931431 1 0
87 15 1933933 -1 0
111 150 1933972 1 0
172 88 1934370 -1 0
153 132 1935575 -1 0
121 202 1935764 1 0
100 89 1936003 1 0
177 76 1936212 -1 0
138 166 1937574 -1 0
97 70 1938520 1 0
161 113 1938750 -1 0
86 12 1939960 1 0
108 133 1940516 1 0
117 180 1941064 1 0
134 173 1942274 -1 0
148 143 1943206 -1 0
132 179 1943848 -1 0
103 101 1943874 -1 0
96 66 1943888 1 0
165 103 1944632 -1 0
101 95 1944644 1 0
176 80 1944719 -1 0
94 59 1944854 1 0
168 96 1950582 -1 0
166 102 1950941 -1 0
93 49 1951021 1 0
91 39 1951207 1 0
155 126 1951741 -1 0
94 58 1953381 1 0
100 90 1954211 1 0
161 114 1954356 -1 0
157 122 1954815 -1 0
127 191 1954928 -1 0
92 47 1955599 1 0
104 110 1958149 1 0
182 67 1959077 -1 0
119 193 1959095 1 0
166 103 1959856 -1 0
114 162 1959902 1 0
184 63 1961034 -1 0
144 150 1961443 -1 0
119 192 1961578 1 0
90 35 1962243 1 0
106 122 1962245 1 0
90 33 1962449 1 0
151 135 1963239 -1 0
92 45 1964250 1 0
160 116 1966620 -1 0
124 197 1967391 -1 0
152 133 1967633 -1 0
179 72 1968407 -1 0
88 26 1968957 1 0
151 136 1969381 -1 0
115 169 1970024 1 0
115 170 1970024 1 0
153 131 1971845 -1 0
130 184 1973502 -1 0
181 66 1974357 1 0
180 68 1974357 1 0
178 73 1974357 1 0
118 185 1974799 1 0
117 183 1975075 1 0
93 51 1975136 1 0
87 17 1975374 1 0
87 18 1976589 1 0
125 195 1976844 -1 0
120 202 1977718 -1 1
95 60 1978328 1 0
112 151 1978830 1 0
175 82 1979348 -1 0
88 22 1979475 1 0
155 127 1979817 -1 0
89 30 1983000 1 0
114 165 1983227 1 0
99 84 1983228 1 0
121 201 1984859 1 0
96 65 1985825 1 0
119 190 1986404 1 0
87 21 1988852 1 0
117 181 1990614 1 0
104 109 1992764 1 0
94 54 1992881 1 0
179 73 1993564 -1 0
89 29 1994066 1 0
103 105 1994750 1 0
122 202 1995203 -1 0
115 172 1995563 1 0
168 97 1996147 -1 0
163 107 1996305 -1 0
173 86 1996929 -1 0
167 99 1997615 -1 0
115 168 1997748 1 0
114 163 1997748 1 0
174 84 1998716 -1 0
102 101 1999094 1 0
93 50 2000106 1 0
115 171 2000614 1 0
114 164 2000614 1 0
90 36 2001386 1 0
85 9 2001391 1 0
83 6 2003072 -1 1
119 204 2003072 -1 1
139 163 2004068 -1 0
154 129 2005825 -1 0
183 64 2006862 -1 0
128 188 2009453 -1 0
89 28 2009706 1 0
89 31 2009706 1 0
103 106 2009778 1 0
90 34 2010137 1 0
103 103 2012584 1 0
89 23 2012838 -1 0
181 60 2013038 -1 0
159 118 2014108 -1 0
99 85 2014163 1 0
99 83 2014164 1 0
181 67 2014434 -1 0
136 169 2015674 -1 0
88 20 2016686 -1 0
179 59 2016686 -1 0
170 93 2017607 -1 0
166 101 2018898 -1 0
149 141 2019093 -1 0
116 173 2019612 1 0
122 201 2020384 -1 0
119 191 2022184 1 0
130 185 2022343 -1 0
97 74 2023075 1 0
105 114 2023610 1 0
113 157 2024338 1 0
97 73 2024772 1 0
93 52 2025151 1 0
104 108 2026733 1 0
111 146 2026733 1 0
161 111 2026762 1 0
157 120 2026762 1 0
125 196 2027350 -1 0
112 156 2027542 1 0
142 155 2027997 -1 0
163 109 2029738 -1 0
182 66 2030233 -1 0
183 65 2030396 -1 0
177 77 2031235 -1 0
140 161 2031897 -1 0
98 79 2033504 1 0
118 188 2033741 1 0
126 193 2034023 -1 0
138 164 2035133 -1 0
141 157 2036075 -1 0
129 185 2036912 -1 0
164 106 2037571 -1 0
128 189 2037597 -1 0
124 198 2037755 -1 0
103 104 2039105 1 0
147 144 2042140 -1 0
115 167 2043826 1 0
167 98 2044727 -1 0
86 16 2045802 1 0
180 70 2047406 -1 0
131 181 2047801 -1 0
130 183 2047801 -1 0
107 124 2048381 1 0
89 27 2048489 1 0
118 179 2049302 -1 0
109 135 2050261 1 0
117 182 2050395 1 0
126 192 2050856 -1 0
86 11 2051233 1 0
184 62 2051342 -1 0
178 75 2051381 -1 0
129 186 2051441 -1 0
139 162 2051820 -1 0
85 10 2051935 1 0
167 100 2052603 -1 0
178 58 2053635 1 0
118 186 2053785 1 0
120 199 2054102 1 0
165 102 2054430 1 0
164 104 2054430 1 0
123 200 2054447 -1 0
99 82 2054491 1 0
133 176 2054963 -1 0
167 101 2055954 -1 0
110 141 2056373 1 0
120 195 2056733 1 0
119 185 2056833 -1 0
118 184 2057390 1 0
108 130 2058305 1 0
123 199 2058661 -1 0
128 187 2058883 -1 0
86 14 2060140 1 0
133 178 2062065 -1 0
108 20 2062425 -1 0
86 15 2062862 1 0
126 194 2063358 -1 0
120 198 2063474 1 0
92 44 2064360 1 0
132 180 2064640 -1 0
160 113 2065469 1 0
170 92 2066580 -1 0
98 78 2066582 1 0
138 165 2067525 -1 0
86 13 2069420 1 0
144 151 2070026 -1 0
120 194 2070254 1 0
104 113 2070398 1 0
88 25 2071393 1 0
97 72 2072403 1 0
110 145 2073355 1 0
88 24 2075171 1 0
122 203 2077331 -1 0
118 187 2077549 1 0
103 107 2078757 1 0
106 119 2079211 1 0
156 124 2079450 -1 0
181 68 2081245 -1 0
136 170 2082524 -1 0
120 197 2084089 1 0
183 62 2085347 1 0
116 174 2086500 1 0
166 100 2087018 1 0
160 115 2087168 -1 0
180 71 2088906 -1 0
117 179 2089423 1 0
91 43 2089823 1 0
133 177 2090401 -1 0
94 55 2090603 1 0
131 182 2092559 -1 0
169 94 2092688 -1 0
86 9 2093046 -1 0
97 71 2093390 1 0
99 81 2093390 1 0
137 167 2096213 -1 0
154 128 2096578 -1 0
135 172 2096779 -1 0
149 140 2097635 -1 0
100 16 2098610 -1 0
158 118 2099054 1 0
116 177 2099795 1 0
87 20 2100256 1 0
94 56 2102244 1 0
143 152 2102593 -1 0
129 187 2102962 -1 0
168 98 2103775 -1 0
87 19 2104630 1 0
101 93 2104778 1 0
88 23 2105169 1 0
101 96 2105818 1 0
116 175 2107028 1 0
95 62 2107376 1 0
91 38 2109147 1 0
162 111 2109607 -1 0
182 65 2110339 -1 0
101 94 2110867 1 0
116 25 2115622 1 0
116 176 2116591 1 0
169 95 2117145 -1 0
112 150 2117267 1 0
127 190 2117393 -1 0
120 196 2117412 1 0
145 149 2117558 -1 0
98 77 2118455 1 0
118 182 2119396 -1 0
102 97 2120934 1 0
143 154 2121473 -1 0
174 83 2121614 -1 0
141 159 2122919 -1 0
94 57 2123478 1 0
95 61 2123478 1 0
181 69 2123847 -1 0
113 161 2123926 1 0
112 152 2124368 1 0
159 117 2125280 -1 0
111 148 2126983 1 0
111 149 2126983 1 0
113 156 2127117 1 0
140 160 2127594 -1 0
98 76 2127621 1 0
100 87 2127621 1 0
105 116 2127983 1 0
111 147 2128598 1 0
86 12 2129194 1 0
111 145 2129457 1 0
101 92 2130189 1 0
171 89 2131926 -1 0
105 115 2132953 1 0
162 110 2133069 -1 0
87 14 2133199 -1 0
127 191 2133756 -1 0
97 14 2134795 -1 0
121 202 2134842 1 0
157 122 2137759 -1 0
100 88 2138309 1 0
95 63 2138309 1 0
89 32 2139091 1 0
102 100 2139476 1 0
158 120 2139553 -1 0
91 41 2139879 1 0
156 123 2140330 -1 0
106 120 2140383 1 0
148 142 2140429 -1 0
176 79 2140695 -1 0
132 33 2140940 -1 0
161 113 2141618 -1 0
165 104 2141867 -1 0
109 138 2142208 1 0
150 138 2142336 -1 0
171 91 2142810 -1 0
182 64 2142820 1 0
150 137 2143477 -1 0
91 40 2143598 1 0
144 152 2144227 -1 0
120 190 2144537 -1 0
146 146 2144958 -1 0
107 126 2145694 1 0
102 98 2146554 1 0
97 70 2146705 1 0
146 147 2148675 -1 0
107 125 2148911 1 0
87 12 2148940 -1 0
134 174 2149197 -1 0
114 166 2149292 1 0
90 37 2151974 1 0
172 88 2152990 -1 0
109 140 2153699 1 0
96 68 2154217 1 0
179 71 2154476 1 0
122 202 2155117 -1 0
171 90 2155356 -1 0
112 155 2155585 1 0
102 102 2155734 1 0
96 67 2156891 1 0
137 168 2157317 -1 0
117 180 2157587 1 0
105 117 2159851 1 0
128 31 2160611 -1 0
109 136 2160981 1 0
109 139 2161401 1 0
119 187 2162411 -1 0
109 137 2162738 1 0
91 39 2163527 1 0
93 49 2163687 1 0
119 193 2164019 1 0
95 13 2165948 -1 0
134 175 2166234 -1 0
112 154 2166483 1 0
114 162 2166792 1 0
157 121 2166814 -1 0
91 42 2166818 1 0
118 185 2167497 1 0
162 109 2169125 1 0
154 127 2169125 1 0
96 66 2169669 1 0
110 144 2170347 1 0
112 153 2170347 1 0
105 118 2170932 1 0
135 171 2171467 -1 0
113 158 2171900 1 0
153 131 2171907 -1 0
119 192 2172552 1 0
94 58 2172650 1 0
87 18 2172743 1 0
101 95 2172901 1 0
107 127 2172911 1 0
92 43 2173123 1 0
88 22 2173171 1 0
92 46 2173271 1 0
117 178 2174140 1 0
90 33 2175544 1 0
108 131 2175693 1 0
100 90 2175800 1 0
100 89 2176837 1 0
102 99 2177667 1 0
130 184 2180392 -1 0
119 190 2180982 1 0
100 86 2181056 1 0
110 142 2182332 1 0
106 123 2182718 1 0
98 80 2182815 1 0
99 86 2183435 1 0
86 8 2183464 -1 0
132 179 2184298 -1 0
97 69 2184348 1 0
110 143 2184905 1 0
155 127 2185488 -1 0
92 45 2186146 1 0
85 9 2186265 1 0
170 54 2186480 1 0
93 53 2187020 1 0
87 17 2187514 1 0
183 63 2188092 -1 0
175 82 2188198 -1 0
116 178 2189023 1 0
174 84 2189044 -1 0
113 160 2189345 1 0
106 118 2190002 1 0
117 183 2190824 1 0
166 102 2190976 -1 0
154 129 2191264 -1 0
145 150 2191653 -1 0
143 153 2191956 -1 0
176 80 2191982 -1 0
117 181 2192544 1 0
125 196 2194642 -1 0
151 135 2195160 -1 0
152 133 2195179 -1 0
107 129 2195407 1 0
141 158 2196292 -1 0
125 197 2198328 -1 0
94 54 2198771 1 0
106 121 2198937 1 0
119 189 2199255 1 0
96 65 2199813 1 0
173 86 2200623 -1 0
113 159 2200639 1 0
95 60 2201089 1 0
126 193 2201477 -1 0
92 48 2202305 1 0
108 132 2203055 1 0
169 96 2203922 -1 0
102 96 2204480 1 0
90 35 2205311 1 0
155 125 2205414 -1 0
85 8 2208227 1 0
128 188 2208311 -1 0
107 128 2208739 1 0
142 157 2209256 -1 0
92 47 2210653 1 0
180 59 2210779 1 0
124 198 2211415 -1 0
97 75 2211614 1 0
112 151 2211695 1 0
160 114 2211858 -1 0
138 166 2212192 -1 0
149 139 2212585 -1 0
96 69 2212772 1 0
177 78 2213101 -1 0
125 195 2214827 -1 0
124 197 2215650 -1 0
102 101 2215836 1 0
163 108 2215873 -1 0
93 50 2216098 1 0
100 91 2216140 1 0
106 117 2218391 1 0
147 145 2220591 -1 0
123 201 2220689 -1 0
153 130 2220851 -1 0
119 191 2221041 1 0
98 75 2221242 1 0
164 106 2223690 -1 0
108 133 2223819 1 0
93 51 2224099 1 0
124 199 2224342 -1 0
89 30 2225217 1 0
179 73 2225483 -1 0
102 17 2225799 -1 0
142 156 2226443 -1 0
108 134 2226513 1 0
90 34 2226541 1 0
114 163 2227450 1 0
115 168 2227450 1 0
123 200 2229779 -1 0
88 26 2230732 1 0
170 93 2230820 -1 0
104 107 2231029 1 0
134 176 2231055 -1 0
134 173 2231060 -1 0
177 77 2231137 -1 0
125 30 2231530 -1 0
118 188 2232840 1 0
168 97 2233425 -1 0
115 170 2234772 1 0
115 169 2234772 1 0
112 149 2235225 1 0
104 112 2235882 1 0
103 102 2236102 1 0
119 186 2236606 -1 0
167 99 2236849 -1 0
89 29 2237091 1 0
90 36 2237897 1 0
106 122 2238334 1 0
183 64 2239475 -1 0
178 75 2240835 -1 0
84 8 2241303 -1 1
104 111 2241433 1 0
95 64 2241433 1 0
136 169 2241566 -1 0
182 66 2242119 -1 0
87 15 2242246 -1 0
89 28 2242271 1 0
89 31 2242271 1 0
117 182 2242383 1 0
87 21 2244194 1 0
128 189 2244446 -1 0
86 15 2244789 1 0
184 62 2245711 -1 0
121 201 2245967 1 0
94 59 2246913 1 0
113 157 2247188 1 0
147 143 2247325 -1 0
121 200 2247741 1 0
161 112 2248312 -1 0
118 186 2249484 1 0
176 78 2250261 -1 0
86 14 2250467 1 0
155 126 2250650 -1 0
129 186 2251889 -1 0
99 84 2252308 1 0
114 165 2252308 1 0
139 163 2253337 -1 0
146 148 2253728 -1 0
158 119 2254233 -1 0
164 105 2255203 -1 0
115 167 2255574 1 0
104 109 2256878 1 0
152 134 2256931 -1 0
114 164 2257003 1 0
115 171 2257003 1 0
176 81 2257066 -1 0
116 173 2258055 1 0
99 80 2259992 1 0
105 114 2261589 1 0
126 194 2261702 -1 0
104 110 2262217 1 0
118 187 2262825 1 0
160 117 2263283 -1 0
168 96 2264643 -1 0
93 52 2265597 1 0
115 172 2265956 1 0
163 109 2267348 -1 0
99 15 2268473 -1 0
86 13 2269288 1 0
104 108 2269713 1 0
111 146 2269713 1 0
178 76 2269753 -1 0
103 103 2270051 1 0
130 185 2270698 -1 0
145 148 2270911 -1 0
84 10 2272542 1 1
182 60 2272547 1 0
136 170 2273168 -1 0
126 192 2273237 -1 0
92 44 2273620 1 0
156 124 2274533 -1 0
99 83 2274586 1 0
99 85 2274586 1 0
167 100 2275979 -1 0
97 74 2278721 1 0
159 118 2278747 -1 0
135 174 2280966 -1 0
120 195 2281188 1 0
174 56 2282848 1 0
89 27 2282885 1 0
97 73 2283347 1 0
117 179 2284175 1 0
103 106 2284874 1 0
108 129 2286709 1 0
135 172 2287263 -1 0
98 79 2287328 1 0
105 113 2287361 1 0
116 174 2287688 1 0
181 68 2288063 -1 0
86 11 2288271 1 0
88 25 2288424 1 0
156 125 2288556 -1 0
130 183 2288598 -1 0
131 181 2288598 -1 0
99 82 2289822 1 0
180 70 2290390 -1 0
107 124 2290462 1 0
119 188 2291207 -1 0
103 105 2292478 1 0
180 69 2293960 -1 0
110 141 2294170 1 0
109 135 2294968 1 0
147 144 2295033 -1 0
131 178 2295398 1 0
88 24 2296377 1 0
160 115 2298306 -1 0
108 130 2298635 1 0
151 133 2299155 1 0
139 162 2300522 -1 0
126 195 2300657 -1 0
86 16 2300683 1 0
112 150 2300707 1 0
89 10 2300747 -1 0
142 155 2301278 -1 0
103 104 2301898 1 0
180 72 2302568 -1 0
88 23 2305097 1 0
132 180 2305893 -1 0
162 111 2306861 -1 0
138 164 2308413 -1 0
158 121 2309527 -1 0
97 71 2311345 1 0
99 81 2311345 1 0
91 11 2311682 -1 0
127 191 2312583 -1 0
127 190 2312700 -1 0
165 103 2312829 -1 0
179 72 2312864 -1 0
111 144 2314505 1 0
110 139 2314505 1 0
87 20 2314530 1 0
159 116 2314602 -1 0
122 202 2315030 -1 0
85 10 2315966 1 0
97 72 2316210 1 0
166 101 2316634 -1 0
94 55 2316787 1 0
98 78 2317765 1 0
86 12 2318429 1 0
148 141 2318866 -1 0
117 174 2319109 -1 0
153 132 2319161 -1 0
157 122 2320703 -1 0
180 71 2320827 -1 0
120 199 2321369 1 0
91 38 2321813 1 0
87 19 2323065 1 0
178 74 2324128 -1 0
105 112 2324294 1 0
132 178 2325940 -1 0
87 13 2325963 -1 0
95 59 2326158 1 0
93 12 2326655 -1 0
133 178 2327401 -1 0
151 136 2328266 -1 0
94 56 2329036 1 0
132 176 2329477 1 0
133 177 2331351 -1 0
106 119 2331428 1 0
172 87 2333678 -1 0
121 202 2333920 1 0
123 199 2334320 -1 0
169 95 2334758 -1 0
144 151 2334873 -1 0
140 161 2334911 -1 0
116 177 2335623 1 0
118 184 2335827 1 0
113 156 2336213 1 0
107 123 2336661 1 0
149 140 2337887 -1 0
116 175 2338594 1 0
135 35 2338642 1 0
124 29 2338966 1 0
98 77 2339575 1 0
120 197 2342329 1 0
131 182 2343387 -1 0
114 24 2343438 1 0
129 187 2343519 -1 0
102 97 2344306 1 0
161 113 2344486 -1 0
176 57 2344640 1 0
120 198 2344726 1 0
101 93 2345834 1 0
117 184 2346248 1 0
110 21 2346368 -1 0
116 176 2346402 1 0
98 76 2347053 1 0
100 87 2347053 1 0
109 134 2347138 1 0
119 194 2348058 1 0
94 57 2349161 1 0
95 61 2349161 1 0
158 120 2349298 -1 0
95 62 2351157 1 0
101 92 2351850 1 0
97 70 2354891 1 0
148 143 2357224 -1 0
112 148 2357989 1 0
120 196 2359341 1 0
118 185 2360196 1 0
165 104 2361262 -1 0
172 55 2361437 1 0
125 196 2361934 -1 0
111 145 2362179 1 0
165 51 2362760 1 0
119 27 2362908 -1 0
135 173 2365233 -1 0
157 123 2366471 -1 0
88 22 2366867 1 0
95 63 2367024 1 0
100 88 2367024 1 0
159 117 2367932 -1 0
87 18 2368897 1 0
126 193 2368931 -1 0
119 193 2368942 1 0
133 174 2368956 1 0
85 9 2371139 1 0
171 91 2371212 -1 0
101 94 2371521 1 0
172 88 2371609 -1 0
153 131 2371970 -1 0
114 162 2373681 1 0
117 180 2374111 1 0
119 190 2375559 1 0
91 39 2375846 1 0
93 49 2376354 1 0
154 129 2376703 -1 0
96 68 2377004 1 0
145 149 2378215 -1 0
174 84 2379371 -1 0
101 91 2382211 1 0
165 105 2382625 -1 0
137 167 2382640 -1 0
119 192 2383525 1 0
153 129 2384105 1 0
169 53 2384756 -1 0
124 198 2385075 -1 0
137 168 2385189 -1 0
164 107 2385291 -1 0
130 184 2387281 -1 0
90 33 2388640 1 0
127 192 2389839 -1 0
102 100 2391057 1 0
155 127 2391159 -1 0
96 67 2391405 1 0
94 58 2391920 1 0
102 98 2393196 1 0
183 62 2393651 1 0
126 30 2393797 1 0
148 142 2394256 -1 0
117 181 2394474 1 0
96 66 2395450 1 0
91 40 2395576 1 0
149 138 2395708 1 0
138 165 2396084 -1 0
175 82 2397048 -1 0
100 90 2397390 1 0
159 119 2398256 -1 0
106 120 2399174 1 0
150 138 2399199 -1 0
112 152 2399624 1 0
87 17 2399655 1 0
118 189 2399838 1 0
143 151 2400542 1 0
185 64 2400614 -1 1
101 95 2401158 1 0
184 63 2403939 -1 0
173 86 2404316 -1 0
94 54 2404661 1 0
123 200 2405111 -1 0
117 183 2406574 1 0
128 188 2407169 -1 0
91 43 2408012 1 0
92 45 2408042 1 0
134 175 2408576 -1 0
91 41 2408706 1 0
164 106 2409809 -1 0
133 176 2409871 -1 0
140 160 2410517 -1 0
120 194 2411365 1 0
135 171 2411920 -1 0
112 23 2412258 -1 0
159 115 2413578 1 0
96 65 2413801 1 0
166 99 2415573 1 0
150 135 2415573 1 0
147 142 2415573 1 0
140 158 2415573 1 0
139 160 2415573 1 0
146 147 2415699 -1 0
107 125 2416018 1 0
94 53 2416079 1 0
174 85 2416560 -1 0
106 116 2416676 1 0
146 146 2417551 -1 0
100 89 2417672 1 0
105 115 2417684 1 0
102 18 2419253 -1 0
119 191 2419897 1 0
150 137 2420045 -1 0
113 155 2420608 1 0
113 158 2421517 1 0
152 133 2422725 -1 0
95 60 2423850 1 0
132 179 2424747 -1 0
173 87 2425255 -1 0
112 156 2425726 1 0
114 161 2425863 1 0
86 15 2426716 1 0
158 117 2426852 1 0
152 131 2426852 1 0
151 135 2427081 -1 0
175 83 2427203 -1 0
143 154 2427282 -1 0
117 178 2427967 1 0
110 140 2428426 1 0
88 17 2428653 -1 0
120 192 2428939 -1 0
102 96 2428981 1 0
109 136 2429266 1 0
177 76 2429429 -1 0
102 99 2429467 1 0
178 75 2430289 -1 0
91 42 2430484 1 0
89 32 2430598 1 0
166 102 2431010 -1 0
177 77 2431040 -1 0
160 116 2431089 -1 0
118 188 2431939 1 0
93 50 2432089 1 0
102 101 2432577 1 0
90 37 2433076 1 0
172 89 2434198 -1 0
117 182 2434370 1 0
100 86 2434886 1 0
111 147 2434941 1 0
122 201 2435028 -1 0
121 199 2435193 1 0
96 14 2435628 1 0
108 131 2437637 1 0
176 80 2439245 -1 0
118 26 2440041 1 0
120 191 2440066 -1 0
184 62 2440080 -1 0
109 139 2440688 1 0
86 14 2440794 1 0
145 147 2442654 1 0
92 46 2442767 1 0
90 34 2442944 1 0
163 110 2443676 -1 0
104 18 2443907 -1 0
170 93 2444033 -1 0
170 92 2444405 -1 0
104 107 2444524 1 0
112 151 2444560 1 0
155 128 2444960 -1 0
118 186 2445182 1 0
154 130 2446880 -1 0
118 187 2448101 1 0
90 35 2448379 1 0
155 124 2448406 1 0
105 116 2448533 1 0
110 142 2450060 1 0
109 138 2450501 1 0
92 43 2451210 1 0
106 118 2451252 1 0
128 189 2451296 -1 0
160 118 2451351 -1 0
129 186 2452337 -1 0
112 155 2452352 1 0
125 195 2452810 -1 0
163 106 2453202 1 0
109 133 2453203 1 0
176 77 2453203 1 0
88 18 2453986 -1 0
182 66 2454005 -1 0
169 94 2455190 -1 0
113 161 2455430 1 0
112 147 2457025 1 0
114 163 2457153 1 0
115 168 2457153 1 0
181 66 2457265 1 0
180 68 2457265 1 0
178 73 2457265 1 0
179 73 2457403 -1 0
107 126 2458010 1 0
126 194 2460046 -1 0
108 128 2460751 1 0
141 159 2461480 -1 0
144 152 2462655 -1 0
113 160 2463183 1 0
165 102 2463775 1 0
164 104 2463775 1 0
136 170 2463812 -1 0
124 197 2463908 -1 0
184 61 2465566 -1 0
92 47 2465708 1 0
114 166 2465758 1 0
176 79 2465878 -1 0
166 100 2466424 1 0
103 102 2466601 1 0
109 137 2467071 1 0
97 69 2467273 1 0
115 167 2467322 1 0
89 30 2467434 1 0
136 169 2467458 -1 0
86 13 2469155 1 0
156 124 2469615 -1 0
113 157 2470038 1 0
168 97 2470702 -1 0
183 64 2472089 -1 0
143 153 2472496 -1 0
93 51 2473062 1 0
105 117 2474275 1 0
90 36 2474409 1 0
112 154 2474776 1 0
89 28 2474836 1 0
89 31 2474836 1 0
122 202 2474943 -1 0
107 127 2475262 1 0
167 99 2476083 -1 0
92 48 2477485 1 0
110 145 2477646 1 0
135 172 2477746 -1 0
117 179 2478927 1 0
121 203 2479358 1 0
89 29 2480116 1 0
111 148 2480456 1 0
111 149 2480456 1 0
154 45 2481317 1 0
112 153 2482728 1 0
110 144 2482728 1 0
92 44 2482879 1 0
110 137 2483027 1 0
162 110 2483546 -1 0
110 138 2484029 1 0
111 143 2484029 1 0
112 150 2484147 1 0
111 150 2484248 1 0
113 159 2484315 1 0
138 166 2486810 -1 0
134 174 2487635 -1 0
181 67 2488271 -1 0
116 174 2488876 1 0
109 140 2490363 1 0
93 53 2491290 1 0
127 191 2491411 -1 0
106 121 2491622 1 0
88 26 2492506 1 0
122 200 2493928 1 0
122 203 2494278 -1 0
181 68 2494881 -1 0
126 192 2495617 -1 0
116 173 2496498 1 0
167 100 2499355 -1 0
110 143 2499429 1 0
108 132 2499461 1 0
107 128 2499472 1 0
115 169 2499519 1 0
115 170 2499519 1 0
87 21 2499536 1 0
105 114 2499568 1 0
100 16 2499791 -1 0
179 71 2499999 1 0
161 111 2499999 1 0
160 113 2499999 1 0
158 118 2499999 1 0
157 120 2499999 1 0
156 122 2499999 1 0
